Epoch	AverageEpRet	StdEpRet	MaxEpRet	MinEpRet	AverageTestEpRet	StdTestEpRet	MaxTestEpRet	MinTestEpRet	EpLen	TestEpLen	TotalEnvInteracts	AverageQ1Vals	StdQ1Vals	MaxQ1Vals	MinQ1Vals	AverageQ2Vals	StdQ2Vals	MaxQ2Vals	MinQ2Vals	LossPi	LossQ	Time
1	-247.57922	54.29255	-206.83218	-352.56958	-482.94135	99.08457	-281.72513	-692.74225	1000.0	1000.0	5000	0.2631229	2.187084	14.722934	-5.084018	0.26484013	2.1831582	15.113868	-7.115473	-1.1465133	0.30867574	47.834941148757935
2	-290.12726	112.02084	-148.3229	-487.35526	-168.34917	138.06287	117.09956	-363.86716	1000.0	1000.0	10000	9.467694	7.0951424	39.525497	-3.9364808	9.467711	7.0968	40.169697	-3.529318	-11.84402	1.2541726	104.10580897331238
3	-241.26724	152.03677	-22.190773	-488.14178	-123.13385	165.05656	223.28358	-395.6124	1000.0	1000.0	15000	20.248232	10.142106	53.908394	1.1284457	20.248314	10.142456	53.204704	0.7909534	-21.72918	2.4978812	164.602548122406
4	638.6134	657.6456	1550.4327	-96.95615	1357.8555	719.2692	1874.0066	-586.5134	1000.0	1000.0	20000	21.341888	12.598391	70.23837	-0.85193586	21.341562	12.598017	69.083664	-0.10507536	-22.344248	2.8489673	224.25248408317566
5	1741.0153	407.71622	2177.9973	1089.5631	2400.073	178.90768	2733.3042	2115.7346	1000.0	1000.0	25000	30.44744	19.33793	99.35996	-1.6867859	30.446869	19.337908	96.50219	-1.3788284	-31.797903	4.0937076	274.96749782562256
6	2558.184	415.3035	3104.0132	1882.386	3004.034	123.335014	3199.2485	2814.0298	1000.0	1000.0	30000	44.881153	28.717297	129.38033	-0.3628813	44.880653	28.7176	128.77483	-0.06855798	-46.423573	6.5169864	322.0477862358093
7	3234.7454	381.0289	3747.6362	2667.1394	2709.168	1116.9818	3650.0957	618.0198	1000.0	1000.0	35000	63.760918	38.93871	163.44867	-1.1287451	63.760044	38.93953	164.13972	0.2885226	-65.67501	9.778905	371.2855010032654
8	2926.5608	914.61475	3825.8135	1181.8859	3358.7488	954.36426	3998.4072	731.88336	1000.0	1000.0	40000	83.16096	49.146454	194.59207	0.8457335	83.16006	49.146046	193.94862	0.2674886	-85.42925	14.0192175	419.9015440940857
9	3652.6985	536.67645	4121.7617	2629.9258	4104.487	129.82367	4387.1113	3903.1404	1000.0	1000.0	45000	103.56726	59.324566	227.19705	-1.8009806	103.56712	59.32464	228.76657	-1.5309759	-105.80623	18.395996	469.5605549812317
10	4066.116	90.69898	4162.834	3940.8586	4096.6655	290.8478	4350.335	3303.485	1000.0	1000.0	50000	125.12855	68.18639	249.58904	-5.7142153	125.127045	68.18839	247.22075	-5.1072392	-127.445274	20.07157	518.1443932056427
11	3997.6296	99.519325	4121.3535	3859.1738	4230.116	99.7561	4382.35	4050.9658	1000.0	1000.0	55000	145.73343	74.897865	266.6766	-7.1477804	145.73192	74.90036	267.53598	-6.486599	-148.05777	20.903528	566.3675758838654
12	4000.9343	117.822044	4216.8667	3899.1787	4193.907	172.91862	4461.394	3934.6116	1000.0	1000.0	60000	164.86223	79.95763	283.98517	-10.286976	164.86154	79.9593	284.60977	-10.1545515	-167.25342	21.006985	613.6779630184174
13	4118.7046	93.7683	4290.15	4032.6296	4494.0527	94.8474	4623.4526	4322.102	1000.0	1000.0	65000	181.83081	83.751526	298.8502	-14.449116	181.83037	83.7514	300.64743	-9.863175	-184.18994	21.35361	660.6163811683655
14	4188.8633	103.69438	4262.099	3983.466	4435.803	217.22595	4713.2495	3895.8816	1000.0	1000.0	70000	197.88303	85.74853	313.03314	-11.581262	197.88254	85.748856	311.85532	-8.083166	-200.00612	21.779709	707.4204499721527
15	4404.6904	137.9625	4550.596	4166.782	4615.253	91.021545	4751.7485	4446.9224	1000.0	1000.0	75000	212.10098	87.52808	325.93167	-11.147137	212.10028	87.52928	328.24045	-9.9741745	-214.42046	21.910307	755.17453789711
16	4335.9463	141.81625	4571.177	4143.1006	3993.8684	1200.9386	4660.171	429.88687	1000.0	1000.0	80000	225.59978	88.898705	337.21622	-8.719211	225.59909	88.89842	338.4563	-13.277268	-227.59065	22.521305	802.7755041122437
17	4009.7961	840.32916	4579.198	2372.6514	4602.375	102.45196	4794.633	4450.6494	1000.0	1000.0	85000	235.64313	91.851616	346.60468	-19.511509	235.64342	91.85149	347.14825	-28.47369	-237.51144	24.559044	852.5760459899902
18	4541.095	91.58618	4699.819	4442.994	4645.605	150.85173	4799.6606	4359.2524	1000.0	1000.0	90000	246.9566	93.88279	357.3154	-25.039825	246.9554	93.88483	356.75314	-22.493124	-248.80017	25.774609	899.5767509937286
19	4500.694	90.49881	4673.689	4411.235	4750.8003	117.40351	4949.262	4593.003	1000.0	1000.0	95000	257.34488	95.55139	367.3819	-25.913902	257.34424	95.55185	367.45578	-26.920597	-259.26852	26.263819	946.8343980312347
20	4431.0557	149.25789	4663.326	4198.364	4721.5703	143.1073	5008.2793	4499.3066	1000.0	1000.0	100000	266.61182	96.88475	375.0508	-32.52514	266.61105	96.887024	374.4797	-28.374496	-268.54105	26.401365	994.6481640338898
21	4629.8115	105.858826	4735.0522	4481.516	5050.034	122.15288	5232.591	4832.6396	1000.0	1000.0	105000	275.2456	97.91311	381.28522	-28.145061	275.2446	97.91557	381.21085	-28.695248	-276.75583	26.167532	1043.9253950119019
22	4787.038	75.27021	4912.121	4692.0454	5018.7275	124.57238	5170.7046	4776.16	1000.0	1000.0	110000	283.78644	98.769135	391.5238	-33.382004	283.7852	98.772354	391.52893	-36.268974	-285.74948	25.109568	1091.8849840164185
23	4084.405	1601.8563	4976.8057	884.59625	5165.7397	183.63748	5416.091	4861.435	1000.0	1000.0	115000	291.40146	100.03426	398.9564	-36.44032	291.40048	100.036354	399.8731	-31.822863	-293.04016	25.324436	1139.8229990005493
24	4852.567	175.52698	5041.365	4527.284	4881.2363	110.384346	5092.86	4756.068	1000.0	1000.0	120000	297.17847	103.08596	409.64774	-36.920223	297.17792	103.08825	409.4995	-36.226738	-299.17545	25.410446	1186.2682421207428
25	4898.999	116.49848	5021.3213	4714.89	5101.903	201.30183	5322.645	4663.4517	1000.0	1000.0	125000	305.22113	103.31205	419.95703	-41.01215	305.22073	103.31377	416.8837	-39.58706	-307.10675	26.710657	1235.2368009090424
26	4830.559	154.19888	5073.823	4649.256	5276.692	118.03395	5544.28	5117.402	1000.0	1000.0	130000	311.84933	104.38294	425.4849	-36.46942	311.84912	104.38351	427.16495	-39.156624	-313.7486	26.648222	1282.9344320297241
27	4817.8794	108.31112	4982.7134	4657.86	5263.912	169.98042	5630.3315	4984.676	1000.0	1000.0	135000	318.52063	104.80279	431.2303	-37.544632	318.52048	104.80453	435.81354	-34.323227	-320.1984	27.527075	1335.653450012207
28	4905.876	175.71503	5214.314	4706.369	5148.1104	69.57434	5299.3457	5066.609	1000.0	1000.0	140000	324.90747	104.70086	437.75385	-46.847298	324.9074	104.70118	439.55847	-44.66577	-326.65656	28.862707	1386.7476892471313
29	5101.583	87.53413	5223.136	5019.601	5455.233	118.00734	5651.9233	5274.833	1000.0	1000.0	145000	330.62543	105.11551	444.97333	-56.234184	330.6253	105.11634	445.2092	-51.328102	-332.45328	29.968779	1444.794685125351
30	5182.9365	249.96935	5380.5864	4694.074	5460.625	112.93638	5636.6167	5262.003	1000.0	1000.0	150000	336.38516	105.528244	449.0888	-55.521347	336.38446	105.52957	450.24698	-45.404884	-338.02536	29.077974	1493.9197249412537
31	5083.036	80.41925	5176.529	4957.779	5399.7676	126.78036	5580.205	5194.453	1000.0	1000.0	155000	341.83414	105.61988	452.9002	-50.792046	341.8339	105.62124	454.2358	-41.322853	-343.3985	30.226475	1548.9564640522003
32	5225.5728	53.439644	5303.768	5149.087	5455.1396	149.9686	5737.2417	5100.774	1000.0	1000.0	160000	347.74774	105.40488	457.99564	-50.277714	347.74768	105.40597	459.02148	-49.656082	-349.64783	30.488628	1603.8635261058807
33	5349.224	87.20981	5474.5557	5240.2817	5652.0396	93.34899	5847.478	5549.2036	1000.0	1000.0	165000	352.8136	105.74079	462.825	-65.687546	352.813	105.743034	464.64447	-56.927864	-354.61176	29.88445	1656.4035999774933
34	5290.192	118.87283	5434.752	5153.714	5339.4927	95.394516	5453.0815	5097.629	1000.0	1000.0	170000	358.01663	105.68283	465.32007	-47.16171	358.01697	105.682846	463.85254	-47.94951	-359.78714	29.96484	1702.6495578289032
35	5214.1772	144.91531	5437.1006	4995.3726	5821.698	116.73766	6061.385	5596.066	1000.0	1000.0	175000	362.61304	105.694046	470.98666	-55.332733	362.61285	105.69432	469.83847	-53.006943	-364.6586	30.095404	1750.5577430725098
36	5299.623	60.611954	5353.338	5184.396	5743.666	176.89557	5983.41	5388.3003	1000.0	1000.0	180000	367.1296	105.51054	474.94412	-60.0372	367.12973	105.511826	475.0082	-65.27363	-368.98422	30.711176	1798.329716205597
37	4564.4814	1710.6854	5529.2305	1153.6053	5755.5244	138.1785	6025.049	5596.98	1000.0	1000.0	185000	370.43237	106.98036	487.802	-71.052055	370.43173	106.981766	484.63223	-59.26547	-372.16638	30.955687	1852.981444120407
38	5404.335	97.57644	5511.162	5228.938	5706.94	49.305042	5766.2095	5618.138	1000.0	1000.0	190000	373.3906	108.82198	489.68066	-76.80901	373.3902	108.82348	490.54874	-81.71914	-375.0707	33.200718	1925.7874310016632
39	5429.626	96.37783	5556.934	5259.626	5807.69	157.4936	6158.9976	5474.693	1000.0	1000.0	195000	377.0121	109.42035	491.624	-74.6254	377.0119	109.42041	495.006	-72.71168	-378.57086	34.28135	2001.091852903366
40	5476.4673	111.44584	5642.7754	5294.764	5877.8066	149.41678	6087.017	5603.295	1000.0	1000.0	200000	380.73764	109.86149	497.29712	-76.46953	380.73782	109.86227	498.32648	-67.260315	-382.4709	33.299572	2071.4324531555176
41	5469.8037	130.9542	5678.531	5272.486	5630.9873	134.16814	5796.3384	5320.177	1000.0	1000.0	205000	384.86877	109.58674	495.68204	-85.41324	384.86865	109.58657	497.53046	-83.35024	-386.4558	33.3743	2140.590358018875
42	5495.3994	206.19984	5769.311	5240.8975	5968.624	126.92797	6198.808	5722.8384	1000.0	1000.0	210000	388.1299	110.17047	502.9562	-92.006454	388.13022	110.16893	505.6274	-98.97738	-389.89774	33.554005	2211.344533920288
43	5498.693	101.49735	5621.0737	5352.65	5980.4707	155.92555	6270.2407	5771.731	1000.0	1000.0	215000	392.18185	109.58549	504.85794	-93.79531	392.1816	109.585785	507.04987	-94.297935	-393.8785	33.911743	2274.574203968048
44	5632.288	192.68137	5853.505	5285.703	5873.0156	182.17418	6131.7085	5535.718	1000.0	1000.0	220000	395.69833	109.6618	506.45816	-89.36113	395.698	109.66212	510.51907	-74.05039	-397.54984	33.943142	2329.26869392395
45	5657.718	116.64604	5880.585	5555.422	6078.38	148.24858	6371.743	5858.1284	1000.0	1000.0	225000	399.27344	110.08771	510.1819	-112.23665	399.27344	110.08742	510.20483	-85.40154	-401.04532	34.019176	2382.840623140335
46	5800.5576	86.665634	5861.3354	5629.5884	6114.8594	151.53535	6316.6797	5822.753	1000.0	1000.0	230000	403.16928	109.72028	512.039	-115.63471	403.1693	109.72107	514.73206	-96.227264	-405.1468	34.394176	2438.5811800956726
47	5885.2617	145.47015	6121.95	5669.228	6189.225	167.17593	6488.369	5921.65	1000.0	1000.0	235000	406.81586	109.63676	519.833	-96.77664	406.81555	109.63733	517.13885	-100.58982	-408.4544	34.845875	2497.634976863861
48	5708.258	98.33144	5813.664	5528.0103	6194.847	130.54189	6381.4253	5947.6665	1000.0	1000.0	240000	410.2732	109.570175	521.5473	-111.66954	410.27356	109.56953	520.73535	-116.81352	-411.88248	34.918175	2559.2784061431885
49	5881.6157	122.15078	6012.6377	5659.9053	6308.9287	116.18211	6499.3096	6137.2207	1000.0	1000.0	245000	413.87457	108.988266	524.2257	-123.26775	413.87448	108.98925	528.2066	-114.129776	-415.41565	34.432568	2619.1737620830536
50	5943.5605	136.63582	6105.275	5785.7544	6161.6997	91.814804	6327.466	5972.005	1000.0	1000.0	250000	417.28073	109.03886	531.422	-87.29123	417.28104	109.03778	528.6121	-81.408066	-419.026	33.1474	2678.7638750076294
51	5939.693	55.98451	6003.6987	5840.0625	6291.5015	99.7572	6447.5845	6119.185	1000.0	1000.0	255000	420.42584	109.38216	533.4544	-88.32837	420.42612	109.381874	532.43414	-81.7005	-422.0073	34.49817	2720.836808204651
52	5924.3467	169.63884	6158.971	5635.46	6390.8027	94.846	6506.5044	6196.13	1000.0	1000.0	260000	424.1934	109.05628	540.8553	-108.19426	424.19333	109.05743	540.8158	-114.08821	-426.0004	33.350777	2760.9392080307007
53	5916.4634	94.23541	6076.0747	5798.6836	6032.242	920.201	6536.853	3299.1511	1000.0	1000.0	265000	428.28973	108.423615	548.24976	-96.295944	428.2901	108.42249	546.53796	-80.73389	-429.9928	33.602055	2800.5533559322357
54	6032.8647	225.8662	6368.35	5660.132	6466.341	166.20097	6668.548	6165.3574	1000.0	1000.0	270000	431.96136	108.93384	548.2551	-114.501434	431.9621	108.933525	549.29614	-100.93015	-433.57245	34.146236	2844.758686065674
55	6277.5625	117.40798	6438.685	6134.984	6522.6816	114.67181	6755.9126	6363.35	1000.0	1000.0	275000	436.4404	108.69393	553.88837	-84.39218	436.44025	108.693535	551.31067	-90.34685	-438.3182	34.579414	2944.9850900173187
56	6307.505	101.90441	6470.977	6212.0537	6639.253	86.63995	6774.08	6468.85	1000.0	1000.0	280000	439.85724	110.2334	556.3777	-113.56025	439.85736	110.233894	557.24585	-140.70346	-441.6541	34.698288	3053.1247551441193
57	6264.525	54.921078	6348.364	6194.602	6487.197	88.040054	6629.3965	6363.381	1000.0	1000.0	285000	444.174	109.88175	560.3567	-112.47988	444.17447	109.88078	562.04535	-102.82667	-446.1972	33.585987	3155.666846036911
58	6263.9023	126.73284	6432.7637	6051.804	6378.736	74.460175	6489.9243	6230.312	1000.0	1000.0	290000	448.44986	109.43075	563.10065	-84.61127	448.45032	109.42892	563.36285	-82.23881	-450.2508	33.16391	3249.932695865631
59	6181.2583	59.35116	6256.443	6100.341	6834.4834	87.61003	6986.7344	6715.903	1000.0	1000.0	295000	452.4227	109.69338	567.5382	-85.921486	452.42267	109.69342	566.8964	-95.92028	-454.1413	33.47505	3346.5117678642273
60	6334.652	38.743835	6397.504	6279.5483	6769.2524	107.49806	6982.818	6629.6597	1000.0	1000.0	300000	456.71548	109.662926	570.6615	-108.0212	456.71573	109.66212	571.15393	-96.343864	-458.59924	33.93755	3450.0819461345673
61	6368.6323	124.61173	6537.2407	6210.0176	6933.4673	108.87514	7103.6104	6726.917	1000.0	1000.0	305000	460.72473	110.13107	573.4825	-111.13744	460.72473	110.12871	573.1586	-98.097824	-462.565	34.477295	3546.0631000995636
62	6503.9194	101.16073	6640.5137	6368.7607	6946.068	57.495975	7071.282	6869.816	1000.0	1000.0	310000	464.86487	110.33154	576.15405	-89.365944	464.8651	110.33065	575.46075	-102.9774	-467.07864	34.684856	3637.622792005539
63	6556.0	114.21122	6679.7314	6396.6494	6939.255	109.15061	7132.2783	6750.899	1000.0	1000.0	315000	468.66296	110.58137	579.82324	-121.95412	468.66315	110.58194	577.89355	-105.63079	-470.66956	33.874462	3729.303153038025
64	6493.053	106.410805	6626.6587	6313.6724	6980.789	126.53183	7153.7	6736.107	1000.0	1000.0	320000	472.711	110.31929	585.20856	-79.29814	472.71133	110.319466	583.69714	-91.33686	-474.5831	34.043396	3817.5750041007996
65	6520.2925	179.0539	6747.7905	6315.054	6961.9946	133.45201	7151.499	6753.5645	1000.0	1000.0	325000	476.31036	110.11685	593.54156	-95.08429	476.30978	110.11845	594.1339	-82.27095	-478.04135	33.629955	3906.9124851226807
66	6538.8115	160.9085	6776.3623	6355.7505	6770.0054	61.438065	6855.3877	6637.23	1000.0	1000.0	330000	479.79053	110.302734	597.6998	-93.45587	479.79044	110.303185	597.3046	-96.48794	-481.6654	34.550682	3997.959367990494
67	6426.218	106.62613	6580.1875	6246.117	6965.1147	92.075935	7125.1743	6843.1924	1000.0	1000.0	335000	483.57297	109.771935	600.1879	-113.195984	483.57312	109.77219	598.8292	-120.76615	-485.77386	34.19928	4089.145344018936
68	6523.72	137.21222	6784.323	6393.9316	7155.0107	146.45757	7369.035	6947.897	1000.0	1000.0	340000	486.89145	109.875824	600.6905	-91.904305	486.89136	109.87615	600.0846	-99.16212	-488.7508	32.97478	4191.432916879654
69	6644.418	110.85303	6763.1777	6498.048	7193.593	55.916218	7317.851	7099.5317	1000.0	1000.0	345000	489.84576	110.12838	604.2515	-97.14046	489.84592	110.12827	603.5593	-117.90278	-491.7096	34.910164	4286.9744238853455
70	6713.4375	64.00505	6809.4116	6619.336	7006.2197	81.80575	7128.099	6882.64	1000.0	1000.0	350000	493.13596	110.05961	604.1907	-90.77561	493.13632	110.05907	605.46735	-85.157974	-494.8826	34.42878	4380.123783111572
71	6670.3115	131.03937	6832.277	6488.5728	7067.4404	83.554596	7236.5317	6975.2236	1000.0	1000.0	355000	495.9512	110.19868	613.29736	-100.9346	495.95114	110.19857	611.1858	-107.876236	-497.9292	34.179634	4474.440269947052
72	6609.328	118.43144	6770.8667	6431.842	7262.578	127.33726	7429.373	7010.7817	1000.0	1000.0	360000	498.86185	109.94944	617.13104	-106.42527	498.86182	109.94892	617.9656	-80.24942	-500.6256	33.511425	4561.261524200439
73	6636.737	103.82863	6750.446	6450.241	7239.948	72.80022	7389.4634	7180.586	1000.0	1000.0	365000	502.03638	109.14478	617.509	-85.22127	502.0369	109.14406	616.8373	-96.75158	-503.87915	34.125267	4622.111689090729
74	6669.2485	96.88608	6797.146	6517.7607	7090.171	137.66614	7256.6006	6792.6304	1000.0	1000.0	370000	504.91312	109.146385	619.9832	-110.02032	504.91263	109.14718	620.45105	-104.67181	-507.02606	34.400337	4674.980160951614
75	6684.1025	93.383484	6820.585	6572.337	6994.996	135.6884	7269.619	6737.2383	1000.0	1000.0	375000	507.53812	108.750946	623.58606	-112.95927	507.53824	108.7511	624.59955	-142.27026	-509.4079	34.299507	4725.259011030197
76	6728.9062	105.412476	6830.6147	6529.278	6874.1733	167.09239	7153.127	6510.601	1000.0	1000.0	380000	509.9009	108.82493	624.2753	-105.29125	509.90106	108.82512	622.4585	-87.798546	-511.66815	34.362217	4776.828574180603
77	6755.4478	125.30801	6941.5415	6598.14	7047.15	129.60953	7297.157	6801.0767	1000.0	1000.0	385000	512.44867	108.58937	629.4673	-96.233345	512.44885	108.58865	628.78357	-83.30469	-514.064	34.230305	4829.468168020248
78	6682.757	103.11853	6856.8623	6541.085	7356.5117	150.91808	7584.046	7001.581	1000.0	1000.0	390000	514.7715	108.97202	629.0925	-107.61366	514.771	108.9726	628.5792	-103.96059	-516.7477	34.53343	4882.751214027405
79	6779.4126	177.26176	6981.378	6478.103	7242.8657	97.82639	7368.2026	7057.586	1000.0	1000.0	395000	516.86224	108.38993	630.93896	-109.772285	516.8624	108.39197	631.7633	-116.12912	-518.53265	34.024155	4933.004635095596
80	6807.4346	99.616875	6991.3926	6696.727	7145.5234	77.31978	7328.973	7035.9033	1000.0	1000.0	400000	519.12335	107.6368	630.61664	-100.06858	519.1224	107.6393	630.25525	-100.09727	-520.9671	33.278442	4982.496724128723
81	6619.366	167.94722	6851.581	6445.5303	7556.3228	85.6953	7677.2666	7392.695	1000.0	1000.0	405000	521.0632	107.29922	634.1807	-120.51674	521.06366	107.29974	631.6792	-126.426414	-523.2001	33.036358	5083.77397608757
82	6909.8955	122.96205	7126.059	6759.13	7323.436	103.08741	7536.434	7181.2295	1000.0	1000.0	410000	522.8425	107.463554	633.4987	-108.831795	522.84247	107.46356	633.222	-93.25762	-524.4155	32.239037	5181.39949297905
83	6815.4834	185.52019	7126.301	6596.8857	7362.9346	115.99836	7529.4937	7090.0415	1000.0	1000.0	415000	524.5699	107.78383	636.2411	-117.65365	524.56976	107.78324	637.66266	-83.65287	-526.3576	33.364124	5278.941372156143
84	6967.165	137.85507	7124.183	6739.9297	7366.3857	103.375786	7524.63	7210.885	1000.0	1000.0	420000	527.1406	107.31564	638.3245	-100.191055	527.14075	107.31642	638.2948	-86.24036	-529.08093	32.8273	5371.3887050151825
85	6887.083	105.77169	7062.0005	6756.3594	7375.629	121.94671	7513.861	7121.594	1000.0	1000.0	425000	529.23285	107.13999	639.2047	-77.33065	529.23303	107.1413	637.7102	-83.59885	-531.1978	34.285442	5471.237094163895
86	6839.5537	95.17887	7004.4624	6730.0312	7350.992	105.774315	7521.607	7211.4116	1000.0	1000.0	430000	531.46826	106.641106	642.0765	-105.89652	531.46814	106.64164	641.5668	-119.46079	-533.12946	33.287037	5571.723938941956
87	6935.0234	74.13432	7067.96	6851.882	7291.104	85.903015	7453.2354	7163.3057	1000.0	1000.0	435000	532.86475	107.68355	641.35126	-90.1473	532.8647	107.68543	641.8766	-83.317894	-534.8206	32.895557	5670.725692033768
88	6906.4985	141.00533	7175.691	6792.06	7278.0874	121.61726	7449.4604	7033.936	1000.0	1000.0	440000	535.0	106.809654	645.45795	-111.95296	535.0001	106.809044	645.57715	-122.86976	-536.8178	33.167103	5773.569407224655
89	6777.2515	184.03273	7038.9507	6520.407	7403.142	107.73266	7524.155	7154.0894	1000.0	1000.0	445000	536.584	106.57127	641.9908	-83.56776	536.5844	106.56946	642.90845	-77.1051	-538.4786	33.675655	5842.501878976822
90	6949.061	170.50345	7218.9146	6718.4473	7079.1733	159.82579	7287.2246	6831.52	1000.0	1000.0	450000	538.1972	106.55321	645.49963	-108.86193	538.1971	106.55186	648.17444	-94.88461	-540.1361	34.20581	5885.664349079132
91	6791.3687	121.63478	6940.469	6640.6045	7007.393	144.72998	7177.79	6745.6523	1000.0	1000.0	455000	540.04926	106.36939	646.50104	-97.036064	540.04895	106.370674	645.83167	-95.07853	-541.9841	34.04198	5928.09589099884
92	6759.7827	159.09679	6945.5137	6562.8794	7352.6523	143.14302	7589.104	7120.2676	1000.0	1000.0	460000	541.8169	106.095215	648.53723	-94.399124	541.81714	106.09611	648.5384	-85.15684	-543.3823	33.71314	5969.929085016251
93	6887.824	105.43187	7001.995	6705.5557	7536.0405	69.20868	7690.718	7461.7393	1000.0	1000.0	465000	543.28424	105.8883	649.4193	-75.59774	543.28406	105.88751	648.8953	-80.74963	-545.0743	32.940533	6011.704884052277
94	6870.1694	66.855194	6954.5547	6802.6846	7526.3345	105.06245	7695.916	7364.1475	1000.0	1000.0	470000	544.8613	105.48749	652.03564	-85.3776	544.86115	105.48742	652.18646	-87.54132	-546.47473	33.12589	6052.000404834747
95	7003.333	197.07736	7183.147	6629.792	7224.982	86.90153	7389.199	7106.0454	1000.0	1000.0	475000	546.0551	105.09692	651.4773	-106.193344	546.05505	105.098595	650.86835	-126.43256	-547.8131	34.237114	6101.446118116379
96	6942.587	105.25099	7114.824	6798.9604	7613.8047	90.61828	7764.786	7449.7334	1000.0	1000.0	480000	547.4172	105.06019	652.686	-122.63453	547.41675	105.06208	652.71356	-134.74902	-549.2032	32.44485	6156.815216064453
97	6914.2876	118.18366	7065.027	6745.895	7413.8477	132.3303	7577.967	7171.326	1000.0	1000.0	485000	548.4057	106.26843	652.77936	-122.40538	548.4058	106.26868	655.9905	-108.61312	-550.2955	33.10719	6203.856936216354
98	6875.8765	225.53271	7237.4053	6630.472	7440.9453	80.2423	7589.343	7349.561	1000.0	1000.0	490000	550.19104	104.6286	653.40594	-130.99681	550.19073	104.62919	654.3948	-117.29124	-552.07574	32.43838	6254.237883090973
99	6995.979	60.813778	7071.895	6903.4746	7562.225	48.676792	7645.8096	7501.039	1000.0	1000.0	495000	551.29987	105.79492	656.4926	-99.42235	551.2999	105.79571	656.33026	-92.0327	-553.2509	32.162964	6307.043222904205
100	7079.6274	89.26516	7179.1245	6944.63	7443.314	79.831406	7593.3237	7288.0273	1000.0	1000.0	500000	553.3745	104.216324	664.3808	-99.239624	553.37427	104.21615	661.2362	-143.4798	-554.9419	32.65282	6363.644977092743
101	6874.743	129.89203	6990.1304	6626.1274	7707.5938	81.46852	7846.3506	7553.397	1000.0	1000.0	505000	554.6003	104.800095	665.87726	-103.15089	554.6002	104.80138	665.9799	-96.68699	-556.4429	33.145977	6419.261882066727
102	7039.8164	127.053345	7243.5103	6894.6216	7333.574	395.67484	7748.7065	6252.6416	1000.0	1000.0	510000	556.07324	104.52213	665.8057	-88.84637	556.07324	104.521706	664.98035	-100.88855	-557.6542	32.76997	6471.068881988525
103	7040.904	89.48105	7134.7617	6888.5615	7484.2603	85.95707	7655.1577	7360.1143	1000.0	1000.0	515000	557.22485	104.557495	669.0087	-114.77218	557.22455	104.55754	669.5624	-89.546364	-558.8778	33.75042	6524.559900999069
104	7037.763	110.351746	7196.549	6866.9893	7300.905	69.80766	7437.8433	7199.2373	1000.0	1000.0	520000	558.67993	103.51768	667.3166	-100.16952	558.68024	103.51752	668.7344	-97.2425	-560.2732	32.452698	6580.549489021301
105	6987.28	134.12091	7165.266	6789.083	7203.06	1177.539	7764.354	3690.24	1000.0	1000.0	525000	559.7392	103.46842	667.8389	-112.12591	559.7387	103.46843	667.68506	-112.20652	-561.3589	32.946365	6631.9246418476105
106	6954.5015	197.26254	7185.2285	6658.867	7698.9414	140.1222	7952.12	7451.6733	1000.0	1000.0	530000	561.0376	103.21289	670.05475	-99.13116	561.0377	103.212746	670.57086	-96.07198	-562.581	32.17895	6685.957193851471
107	7064.0547	64.40921	7187.5547	7006.0474	7611.7256	120.91088	7807.4136	7429.4404	1000.0	1000.0	535000	561.9587	103.563644	669.67395	-85.20894	561.95874	103.56338	669.5465	-94.44039	-563.8812	34.998528	6738.588825941086
108	7003.878	165.77014	7237.5107	6729.5273	7574.258	148.65173	7779.051	7223.1953	1000.0	1000.0	540000	562.9594	104.022095	669.9071	-136.34427	562.9598	104.02058	669.199	-136.61201	-564.8365	33.80029	6806.324510097504
109	7069.396	116.757	7206.0347	6868.5835	7674.3984	86.27063	7771.317	7514.811	1000.0	1000.0	545000	564.61383	102.627525	668.7449	-108.26028	564.61346	102.6269	668.85046	-105.486145	-566.2668	34.766163	6882.34806394577
110	7031.9297	78.35663	7163.705	6948.094	7513.754	88.80936	7712.8643	7384.3047	1000.0	1000.0	550000	565.5572	102.259125	669.27997	-75.57178	565.55743	102.259056	671.9169	-106.93146	-567.0585	32.384556	6961.297265052795
111	7016.383	234.82687	7298.7314	6651.108	7659.0264	110.94019	7901.8755	7490.1187	1000.0	1000.0	555000	566.61334	102.13237	672.7271	-86.69049	566.61285	102.13408	672.43616	-90.30986	-568.3337	33.41605	7046.890354156494
112	7077.5063	113.45524	7290.5977	6979.513	7675.9023	101.27707	7850.6655	7513.6006	1000.0	1000.0	560000	567.7826	101.13348	673.365	-80.29371	567.78296	101.132454	671.72125	-98.66587	-569.5231	33.14762	7119.74979019165
113	7212.5938	116.54051	7309.5337	6997.793	7536.0063	135.82237	7773.389	7332.0605	1000.0	1000.0	565000	568.71185	101.70637	672.34064	-156.02687	568.712	101.704414	675.11633	-138.29161	-570.4744	33.350647	7191.742741823196
114	7162.5576	171.36258	7342.262	6934.4263	7586.448	119.2491	7750.8823	7377.8354	1000.0	1000.0	570000	569.8131	100.93903	672.57275	-97.80881	569.813	100.93765	674.2718	-99.315994	-571.41144	33.038208	7270.080455064774
115	7143.216	102.26289	7317.2188	7004.557	7654.052	62.029873	7790.5386	7588.134	1000.0	1000.0	575000	570.6571	101.08839	673.44977	-95.46051	570.65753	101.08565	672.8099	-134.50742	-572.295	34.82365	7341.58967423439
116	7117.764	193.42847	7316.1675	6786.233	7596.9673	84.996765	7782.191	7460.7524	1000.0	1000.0	580000	571.5668	100.779434	673.1989	-79.99439	571.5667	100.7795	673.8994	-87.04695	-573.3201	33.39169	7415.509979963303
117	7134.0493	162.97916	7284.9004	6842.0293	7473.1494	103.36247	7636.4434	7326.456	1000.0	1000.0	585000	572.57043	100.32508	676.0146	-131.28879	572.5705	100.326324	675.25757	-107.64715	-574.1661	33.947083	7489.819105863571
118	7186.4697	156.45613	7382.3535	6932.8076	7526.8335	80.409744	7636.851	7323.686	1000.0	1000.0	590000	573.0063	100.71982	675.16144	-84.42728	573.00574	100.720924	674.57086	-81.79751	-574.548	34.154568	7568.569926023483
119	6983.417	58.018776	7078.2217	6899.217	7717.0796	134.65993	7921.9067	7491.5806	1000.0	1000.0	595000	573.96216	99.74611	675.6068	-98.81217	573.9624	99.7459	675.30695	-101.241104	-575.68964	33.871086	7655.373589992523
120	7184.7217	122.32387	7383.955	7037.6167	7625.505	86.02748	7789.7676	7523.635	1000.0	1000.0	600000	574.5457	99.81386	678.294	-141.82457	574.5456	99.81359	676.0597	-134.46074	-576.2215	33.1239	7737.960021972656
121	7128.872	85.09928	7269.281	7043.198	7691.185	86.25566	7802.8096	7508.5986	1000.0	1000.0	605000	575.2426	100.26421	676.3905	-157.19977	575.2424	100.262184	676.5401	-150.74551	-576.67773	33.75881	7821.753741025925
122	7234.2	78.72294	7364.829	7150.475	7719.987	107.73179	7893.891	7573.366	1000.0	1000.0	610000	575.8397	99.8383	677.0393	-88.244644	575.83984	99.839005	679.2513	-112.116165	-577.6466	34.560036	7898.358927965164
123	7199.3486	132.598	7402.7324	7026.619	7467.8906	106.58724	7684.741	7293.386	1000.0	1000.0	615000	577.0994	99.293976	677.17615	-84.31992	577.09894	99.29518	679.0058	-96.59233	-578.8729	34.02424	7972.526921033859
124	7053.9883	253.78432	7465.4536	6699.964	7544.5273	82.72182	7726.357	7465.7695	1000.0	1000.0	620000	578.0261	98.72732	677.37177	-114.599174	578.0262	98.72748	677.5278	-70.20053	-579.65967	33.680832	8067.5599629879
125	7153.3267	148.95103	7313.6455	6915.325	7793.5444	81.533195	7948.189	7695.7183	1000.0	1000.0	625000	578.38495	99.54299	679.8897	-91.7396	578.3851	99.54122	677.7379	-90.49434	-579.99945	32.910408	8155.438752889633
126	7218.0376	97.737465	7313.143	7048.043	7242.228	104.12864	7389.845	7071.735	1000.0	1000.0	630000	579.3841	99.005226	678.047	-98.23831	579.38367	99.00763	678.27246	-112.00771	-581.0499	34.462097	8247.886865139008
127	7151.8384	147.37735	7314.8667	6915.626	7718.8896	75.37669	7802.684	7526.4175	1000.0	1000.0	635000	580.4584	98.50489	677.9394	-100.04016	580.4581	98.504074	679.8191	-91.62622	-582.00714	34.88522	8349.783890008926
128	7133.3174	103.52999	7258.534	6986.729	7681.8306	113.75616	7831.7896	7541.2964	1000.0	1000.0	640000	581.21466	97.49327	679.6102	-108.320206	581.21466	97.494415	677.7842	-95.4878	-582.8014	34.306595	8448.049748897552
129	7260.443	154.93105	7473.7065	7015.43	7654.38	183.22572	8008.6953	7396.203	1000.0	1000.0	645000	581.7467	97.36065	676.98987	-108.51775	581.7467	97.35999	677.1461	-130.44371	-583.3981	33.421764	8550.493949174881
130	7083.5835	84.03012	7176.596	6940.888	7668.4443	96.95312	7798.45	7509.687	1000.0	1000.0	650000	582.2125	97.75072	679.903	-137.42612	582.2125	97.75183	678.1538	-184.69228	-583.76953	34.857895	8659.403220176697
131	7206.9517	137.7068	7316.984	6939.1426	7483.9946	118.16787	7620.748	7258.3145	1000.0	1000.0	655000	582.81213	97.89501	680.879	-104.400215	582.8117	97.89513	680.6806	-99.90866	-584.3908	34.542656	8767.216168165207
132	7122.0273	119.5772	7289.2095	6934.687	7715.897	177.2973	7942.7217	7433.3047	1000.0	1000.0	660000	583.28906	97.5728	680.4494	-109.50356	583.28894	97.57348	679.2392	-107.61209	-584.98425	33.61342	8865.630990982056
133	7277.603	35.602688	7310.5444	7210.553	7383.41	82.54801	7501.5444	7268.086	1000.0	1000.0	665000	584.24146	97.34189	679.5003	-125.58185	584.2415	97.34382	679.2336	-185.34514	-585.78394	34.354694	8955.016324996948
134	7131.324	136.86655	7309.223	6991.725	7738.038	136.34218	7929.916	7503.3125	1000.0	1000.0	670000	585.0994	96.458725	680.1629	-98.932495	585.0996	96.457794	679.8673	-105.17672	-586.52	31.53384	9053.21473288536
135	7170.242	128.28758	7313.2764	6967.5835	7697.345	154.32983	7956.579	7394.493	1000.0	1000.0	675000	585.56573	96.972145	682.51373	-122.18206	585.5652	96.97414	683.8824	-127.37838	-587.0405	31.504778	9218.074776887894
136	7310.3857	180.25966	7477.835	6970.008	7609.878	93.26695	7733.615	7422.162	1000.0	1000.0	680000	586.7623	95.82056	687.56433	-94.50104	586.7624	95.82026	686.6191	-92.78622	-588.11395	31.897537	9388.324697971344
137	7199.654	133.21817	7316.3145	6938.9595	7683.3564	86.91573	7785.4224	7511.791	1000.0	1000.0	685000	587.1233	96.789	685.4697	-104.0849	587.1229	96.79075	686.2253	-125.95575	-588.5903	32.27889	9550.589460849762
138	7199.5415	46.09758	7266.9634	7124.613	7774.55	97.288055	7970.2827	7581.042	1000.0	1000.0	690000	588.0409	95.775246	686.11847	-108.54881	588.04047	95.776726	685.73816	-85.54454	-589.64343	32.385124	9722.105211019516
139	7173.075	136.14896	7329.287	6959.9087	7647.0728	111.83619	7868.59	7469.575	1000.0	1000.0	695000	588.6839	95.54584	684.3543	-112.78717	588.6835	95.54842	684.18005	-68.74363	-590.0933	32.260994	9896.202977895737
140	7210.5522	49.9115	7305.8486	7166.765	7048.664	1249.9677	7699.8696	3335.7405	1000.0	1000.0	700000	589.36505	95.19912	685.7926	-102.634056	589.36505	95.199875	687.1292	-92.114845	-590.9326	31.497955	10073.288796186447
141	7141.8022	242.53717	7376.8267	6685.4565	7958.522	84.10475	8076.7563	7802.0	1000.0	1000.0	705000	589.881	95.67776	686.397	-135.0608	589.8812	95.67838	686.29645	-114.92848	-591.5445	31.7255	10239.412488222122
142	7309.8906	148.18013	7480.989	7044.847	7546.249	127.61754	7750.1006	7306.6465	1000.0	1000.0	710000	590.3373	96.001396	685.17	-101.86373	590.3367	96.00248	687.0798	-104.502304	-591.98584	31.618631	10381.61179614067
143	7216.044	98.36725	7376.6553	7090.8955	7635.622	104.19285	7863.8047	7500.2827	1000.0	1000.0	715000	590.9555	95.40061	688.1451	-147.7372	590.9561	95.40245	687.8664	-125.59058	-592.56805	31.71485	10564.177187919617
144	7208.3643	115.48256	7348.4624	6996.3267	7743.3413	169.98276	7937.9424	7377.233	1000.0	1000.0	720000	591.2405	95.44885	686.1996	-122.7757	591.24	95.44909	686.56116	-125.49555	-592.8968	31.705376	10725.22562289238
145	7256.3164	194.31342	7432.784	6891.301	7709.69	94.86031	7845.237	7548.5576	1000.0	1000.0	725000	591.9908	95.29195	692.473	-126.28415	591.9905	95.294945	690.7156	-111.763855	-593.497	32.017	10896.384696006775
146	7231.3467	134.02713	7463.5283	7079.045	7748.8853	129.19002	7937.185	7469.786	1000.0	1000.0	730000	592.7393	94.43279	691.57324	-176.0546	592.73914	94.43374	691.47076	-129.17834	-594.19696	32.433987	11070.308362960815
147	7351.949	181.88965	7628.313	7130.4136	7755.0127	123.00013	7924.1646	7554.4316	1000.0	1000.0	735000	593.4588	94.63324	690.90326	-110.26236	593.45874	94.633545	689.7187	-105.77268	-594.9158	32.102875	11246.065871953964
148	7277.7295	92.62114	7384.311	7174.305	7576.3413	108.69598	7808.3604	7369.0796	1000.0	1000.0	740000	594.205	94.8988	690.262	-103.60277	594.20465	94.89887	690.84106	-90.56835	-595.7962	32.3789	11410.39717912674
149	7246.185	146.11845	7410.6567	7015.678	7842.2627	111.74916	8054.4043	7670.177	1000.0	1000.0	745000	594.5105	95.14996	688.1775	-176.50365	594.51044	95.149506	689.9929	-135.51698	-596.0963	32.698288	11571.866012096405
150	7258.6772	89.4717	7331.785	7097.1313	7634.392	132.45354	7886.043	7394.3467	1000.0	1000.0	750000	595.30005	94.34215	691.9548	-131.5871	595.29987	94.342865	690.7886	-125.66753	-597.0125	33.815224	11729.314090251923
151	7161.2373	135.75504	7337.349	6927.0303	7905.202	72.24464	8048.3643	7790.6343	1000.0	1000.0	755000	596.0818	93.742874	691.3102	-172.24857	596.0818	93.741684	690.3113	-205.71802	-597.5242	34.33935	11910.30385017395
152	7258.8486	206.17078	7573.8896	7033.656	8023.022	121.299675	8187.8384	7815.9004	1000.0	1000.0	760000	596.34894	93.731445	689.51575	-159.23099	596.3488	93.73291	688.66205	-170.46574	-597.9835	33.486336	12088.12747502327
153	7272.407	200.03929	7511.498	6941.6553	7815.767	143.5397	8083.735	7586.491	1000.0	1000.0	765000	596.69165	93.506	689.08936	-101.151726	596.6913	93.506676	689.4392	-99.625404	-598.17566	33.133255	12240.175804138184
154	7278.8643	151.16397	7416.735	6995.2554	7756.4404	68.826836	7842.767	7608.9146	1000.0	1000.0	770000	596.88995	94.00111	690.46545	-117.5845	596.8903	94.00048	689.1279	-108.62375	-598.3604	32.815178	12392.443320989609
155	7276.3525	81.64136	7378.2207	7178.522	7838.9585	102.57229	7969.903	7670.706	1000.0	1000.0	775000	597.38165	93.79965	689.732	-96.14322	597.3812	93.802345	690.4289	-97.81436	-598.9465	32.628464	12555.410010099411
156	7306.095	143.88188	7432.703	7027.7456	7687.2515	114.51949	7894.5903	7501.607	1000.0	1000.0	780000	598.4265	92.36902	688.84827	-114.06046	598.42615	92.36907	690.31854	-100.61345	-599.8427	32.73655	12715.607561826706
157	7273.6123	142.7255	7545.5234	7125.1616	7684.862	111.356316	7904.6235	7550.2017	1000.0	1000.0	785000	598.93176	91.99244	691.2586	-97.50966	598.9315	91.99236	690.4638	-101.89353	-600.6908	32.666634	12901.277422904968
158	7349.078	121.30334	7483.7334	7177.7983	7772.6094	69.53865	7935.0493	7695.847	1000.0	1000.0	790000	599.0446	92.833115	693.4149	-122.0824	599.0443	92.834465	694.40234	-69.804115	-600.6079	32.105568	13069.000466108322
159	7483.389	127.21673	7639.383	7258.0225	7840.6797	75.75204	8023.899	7740.5156	1000.0	1000.0	795000	599.96893	91.60219	692.4706	-83.54228	599.9684	91.604996	690.1513	-116.40042	-601.4	33.02583	13233.470597982407
160	7324.893	86.22882	7451.8804	7190.168	7839.147	129.81548	8031.764	7564.658	1000.0	1000.0	800000	599.95667	92.5099	691.81854	-121.875	599.9568	92.50872	693.7094	-133.32127	-601.6567	31.535912	13404.928178071976
161	7103.8853	133.36212	7316.148	6906.4277	7885.4907	90.39917	8010.363	7730.1206	1000.0	1000.0	805000	600.8759	91.69598	691.57416	-102.89538	600.8754	91.69798	691.9411	-111.08769	-602.5964	32.353	13563.943536996841
162	7354.284	171.37358	7498.7017	7017.7036	7820.6787	190.0228	8059.3516	7464.4033	1000.0	1000.0	810000	601.1213	91.590355	692.92334	-121.18769	601.12103	91.58955	691.6823	-90.85297	-602.5277	32.33857	13719.48268198967
163	7293.949	139.0172	7514.9316	7093.142	7862.4624	96.17469	7990.138	7698.679	1000.0	1000.0	815000	601.3382	92.19476	692.82263	-75.400475	601.33875	92.19301	693.1239	-87.55049	-603.01135	32.250046	13855.888474941254
164	7374.5674	69.43797	7481.2397	7288.7363	7799.572	94.91656	7988.061	7669.6963	1000.0	1000.0	820000	601.6606	92.19049	693.79584	-97.53343	601.6608	92.1908	693.84247	-100.64078	-603.0778	34.30233	14031.93459200859
165	7259.5303	170.8057	7511.2427	7059.288	7780.128	121.1064	8028.225	7616.394	1000.0	1000.0	825000	602.5314	91.185104	694.6793	-102.77053	602.5308	91.18578	693.4874	-94.82088	-603.9053	33.518383	14205.237297058105
166	7239.839	78.03849	7340.588	7130.051	7928.4717	82.63652	8109.861	7851.3145	1000.0	1000.0	830000	602.91205	91.11558	696.4253	-107.0788	602.9119	91.11547	695.77673	-105.27431	-604.38947	32.808376	14373.678745985031
167	7199.177	174.93065	7429.2476	6897.4307	7900.754	123.654785	8116.331	7723.503	1000.0	1000.0	835000	603.40173	91.65638	693.6701	-126.1878	603.4013	91.66011	694.7666	-112.20677	-604.8781	34.472187	14555.414217233658
168	7135.414	227.22403	7334.5024	6841.2964	7825.0156	95.68659	8022.369	7671.5	1000.0	1000.0	840000	603.52045	91.70051	695.34125	-96.83264	603.52045	91.698906	694.876	-110.344894	-605.144	33.79213	14701.177655935287
169	7370.714	124.72693	7563.2466	7195.799	7773.427	138.09314	8031.628	7617.709	1000.0	1000.0	845000	603.8668	91.19308	697.0604	-131.12878	603.86676	91.195015	697.53326	-116.20109	-605.3798	34.36791	14864.895827054977
170	7342.7686	122.67111	7496.158	7155.7964	7943.608	60.64119	8023.537	7836.9546	1000.0	1000.0	850000	604.0652	90.89984	693.2027	-142.2708	604.06537	90.89901	694.5346	-144.60007	-605.5879	34.925407	15039.427823066711
171	7396.971	125.443665	7516.0015	7168.875	7957.708	94.36725	8094.635	7841.217	1000.0	1000.0	855000	604.5655	91.471176	694.1275	-141.3389	604.5654	91.47258	694.1075	-123.940445	-605.9567	35.165455	15211.292164087296
172	7335.536	128.5886	7525.6465	7139.5503	7759.663	131.75464	7996.544	7555.9194	1000.0	1000.0	860000	604.9988	91.166435	695.0917	-130.63028	604.99835	91.16787	696.0584	-124.092255	-606.6691	34.598087	15390.609385251999
173	7317.659	200.13194	7503.2524	6957.852	8013.176	121.37911	8204.182	7772.1484	1000.0	1000.0	865000	605.4865	90.32904	696.67737	-114.907486	605.48645	90.32909	699.28253	-111.443214	-606.6801	32.62786	15544.379797935486
174	7439.228	86.911674	7600.012	7375.4653	7997.827	113.54811	8146.164	7773.6206	1000.0	1000.0	870000	605.7433	90.90438	698.42084	-91.3769	605.74286	90.905914	702.57214	-126.48285	-607.1851	32.5722	15725.798838853836
175	7325.6274	131.54675	7524.657	7137.7524	8006.833	94.72931	8194.213	7841.897	1000.0	1000.0	875000	606.5484	90.14627	696.66473	-117.367584	606.54834	90.14922	698.07153	-125.02807	-608.11444	33.750626	15904.781688928604
176	7388.1885	96.96398	7469.6006	7242.298	7849.091	98.79373	7982.9966	7618.5483	1000.0	1000.0	880000	606.9628	90.19069	697.4406	-147.10208	606.9626	90.19212	698.109	-134.09427	-608.4636	33.983883	16095.646046161652
177	7469.2256	145.28299	7677.2173	7221.574	8107.21	148.51575	8427.738	7802.1436	1000.0	1000.0	885000	607.3069	89.84807	697.0997	-161.08112	607.3066	89.85048	698.42065	-158.63208	-608.7797	34.923378	16269.874132871628
178	7404.35	92.43742	7477.359	7229.5293	8103.9854	106.516495	8260.421	7919.5874	1000.0	1000.0	890000	607.4921	90.82587	697.6102	-99.07501	607.4916	90.82799	701.93835	-109.185844	-608.9496	33.871326	16435.726132154465
179	7392.125	91.477684	7554.0654	7277.556	8068.7563	104.85861	8314.64	7914.6177	1000.0	1000.0	895000	608.3198	89.901505	698.36554	-148.88757	608.31995	89.90133	697.8916	-111.41133	-609.56433	33.537567	16591.722012996674
180	7308.5156	157.26866	7470.1753	7031.8296	7939.706	113.08996	8103.961	7776.7954	1000.0	1000.0	900000	608.89764	89.433044	698.00055	-105.386566	608.89813	89.433556	701.1608	-119.566246	-610.5464	33.665257	16766.84239411354
181	7314.448	167.42929	7593.7046	7148.6084	7825.565	126.99417	7997.116	7571.642	1000.0	1000.0	905000	609.10614	89.12415	697.17456	-101.95317	609.1059	89.12458	698.3631	-84.70742	-610.6778	32.9849	16948.586836099625
182	7390.0405	112.29855	7510.065	7217.6084	7931.133	90.24722	8106.417	7740.3457	1000.0	1000.0	910000	609.5313	89.36767	698.6266	-128.71652	609.53143	89.36758	700.4948	-100.24708	-611.0313	33.06083	17126.88374900818
183	7398.3413	221.01584	7802.041	7184.379	7950.922	124.1474	8134.9697	7710.661	1000.0	1000.0	915000	610.20435	89.23273	699.43787	-110.140396	610.2043	89.23266	701.2257	-115.831276	-611.6265	32.804558	17296.121387958527
184	7491.1147	201.18549	7759.397	7159.531	8091.846	114.19889	8248.196	7884.286	1000.0	1000.0	920000	610.8289	88.61482	702.4667	-92.375145	610.829	88.615845	700.48773	-111.90176	-612.2048	32.268314	17450.93067097664
185	7520.564	139.23953	7728.629	7309.65	7766.5977	93.1903	7903.64	7622.0103	1000.0	1000.0	925000	611.5001	88.60942	705.67175	-105.11712	611.5001	88.61093	702.85925	-123.68647	-612.8979	32.48599	17622.558407068253
186	7329.607	191.90527	7635.5513	7076.481	8001.428	143.96774	8199.574	7748.253	1000.0	1000.0	930000	611.85144	89.34662	704.93335	-107.57289	611.8513	89.34785	704.7611	-122.385544	-613.1445	33.002975	17811.808020830154
187	7478.161	71.08506	7558.8896	7364.627	7980.575	60.66967	8070.1294	7844.45	1000.0	1000.0	935000	612.27	89.05748	706.3142	-154.1577	612.2698	89.058235	702.9394	-126.668205	-613.7819	32.65114	17971.17036986351
188	7448.311	134.60419	7675.8545	7312.6606	8202.934	121.409164	8342.978	7917.382	1000.0	1000.0	940000	612.9841	88.72584	700.7418	-178.18607	612.984	88.7253	702.72595	-149.29631	-614.3656	34.806713	18166.296060085297
189	7533.4546	144.26462	7667.4385	7337.2676	7939.0454	117.967606	8109.049	7692.5503	1000.0	1000.0	945000	613.4105	88.48781	705.01263	-125.96833	613.41034	88.490616	703.53906	-133.50252	-614.9202	33.611233	18356.603180885315
190	7452.1123	102.16779	7606.3613	7335.3276	8156.9	127.26175	8364.574	8011.713	1000.0	1000.0	950000	613.7198	88.403595	703.4213	-114.35166	613.71967	88.40245	702.8469	-116.02022	-615.26776	32.98313	18532.22688984871
191	7634.307	78.60086	7705.4194	7481.47	8069.55	98.59322	8251.432	7865.204	1000.0	1000.0	955000	614.4297	88.234245	704.0575	-97.84478	614.4297	88.23522	703.42834	-95.58744	-615.9763	32.72967	18698.649248838425
192	7347.5156	147.34387	7594.5737	7196.6206	8005.7695	116.119774	8267.7295	7771.475	1000.0	1000.0	960000	614.7797	88.46531	703.78894	-124.47216	614.77954	88.46717	705.82007	-114.633835	-616.2849	34.99707	18859.112158060074
193	7451.8135	113.366066	7594.9204	7254.535	8154.715	109.87738	8332.2	7974.0513	1000.0	1000.0	965000	615.0521	88.17204	702.83685	-114.10959	615.0517	88.17345	703.6176	-108.63037	-616.2418	34.66308	19021.325256109238
194	7613.0635	110.94754	7776.975	7431.701	7738.178	1082.9332	8237.634	4501.3955	1000.0	1000.0	970000	615.45856	88.138596	706.8105	-113.99284	615.4587	88.14018	708.1727	-108.84711	-616.9156	32.978825	19213.756159067154
195	7525.12	133.80756	7718.4116	7357.2075	8138.29	142.46358	8387.228	7914.3955	1000.0	1000.0	975000	616.35504	86.97568	711.0305	-100.50413	616.3547	86.97857	710.3322	-99.21892	-617.84357	34.42667	19387.463396072388
196	7662.4907	52.56845	7729.8374	7597.9673	8193.809	81.20197	8299.159	8031.3237	1000.0	1000.0	980000	616.69604	87.58971	712.9831	-101.36602	616.69586	87.58899	713.0471	-133.53796	-618.0759	33.92864	19560.47032213211
197	7467.958	113.925575	7606.878	7307.39	8121.5654	106.7012	8353.24	7987.0005	1000.0	1000.0	985000	617.3884	87.58444	713.8265	-142.34827	617.3883	87.58739	711.7906	-138.7163	-618.8786	34.939957	19641.852118968964
198	7482.5107	183.0029	7730.025	7162.362	8188.2554	104.68779	8319.899	7995.8643	1000.0	1000.0	990000	617.8723	87.662384	713.7984	-99.177635	617.8725	87.66369	714.95526	-114.05118	-619.3297	34.69998	19720.171565055847
199	7559.393	189.69118	7825.3643	7241.8823	8067.888	75.43878	8181.7554	7906.743	1000.0	1000.0	995000	618.4246	87.08804	713.64575	-92.558914	618.42365	87.09226	713.15894	-122.870445	-620.0613	35.99727	19800.631275892258
