Epoch	AverageEpRet	StdEpRet	MaxEpRet	MinEpRet	AverageTestEpRet	StdTestEpRet	MaxTestEpRet	MinTestEpRet	EpLen	TestEpLen	TotalEnvInteracts	AverageQ1Vals	StdQ1Vals	MaxQ1Vals	MinQ1Vals	AverageQ2Vals	StdQ2Vals	MaxQ2Vals	MinQ2Vals	LossPi	LossQ	Time
1	-264.39304	59.73667	-192.19766	-338.40552	-436.52246	10.870785	-420.99173	-456.9041	1000.0	1000.0	5000	1.451406	2.5146368	16.411745	-4.5908904	1.4518864	2.5105205	16.63623	-4.62349	-2.2981527	0.64529365	66.23574256896973
2	-281.12665	21.570608	-245.59448	-307.2237	-728.9744	67.71067	-599.267	-810.4779	1000.0	1000.0	10000	7.807176	6.2510147	32.628567	-3.8071074	7.806393	6.2527986	31.942617	-3.3520746	-9.423878	1.6308217	111.09470081329346
3	-446.97598	108.88174	-331.40894	-621.1258	-458.43442	113.10314	-326.80066	-705.9467	1000.0	1000.0	15000	13.502197	9.872917	52.152214	-6.327095	13.502796	9.875203	51.950066	-6.3463974	-14.720617	2.942429	157.33945560455322
4	-309.52313	237.36858	79.55687	-667.64294	-42.353096	85.67965	203.61388	-94.556366	1000.0	1000.0	20000	11.673983	10.22961	46.81656	-8.202869	11.674103	10.2325735	48.58807	-7.433916	-12.457595	2.8615036	204.33248496055603
5	685.58203	568.6703	1494.7515	-71.9308	965.31445	348.05783	1413.1522	93.4269	1000.0	1000.0	25000	13.278895	12.084738	64.134735	-8.706707	13.278806	12.087919	64.92199	-8.0851345	-14.1418705	2.8430102	250.9304051399231
6	1347.5681	479.2012	1963.9338	566.68805	762.41833	633.29944	1752.926	-87.48587	1000.0	1000.0	30000	19.258818	18.926191	89.996574	-9.397177	19.25858	18.930805	89.03926	-9.021099	-20.374002	4.52686	296.3558759689331
7	1032.8223	869.14545	2210.877	81.68132	13.100612	160.07108	387.5901	-139.0037	1000.0	1000.0	35000	27.425026	27.488111	129.5318	-11.765702	27.424753	27.492832	128.73845	-9.96792	-28.7618	6.8519955	342.74666714668274
8	140.96606	239.8751	446.92615	-140.32326	2968.27	626.5601	3605.0415	1447.3455	1000.0	1000.0	40000	32.357788	35.258984	148.47423	-15.945772	32.357193	35.2638	148.15317	-14.0484495	-33.704636	9.430548	388.78098917007446
9	1761.4834	1247.7411	3361.547	215.63371	2302.9414	60.13677	2403.503	2190.8628	1000.0	1000.0	45000	39.132904	44.70118	168.96541	-22.619314	39.132328	44.704876	169.86377	-19.38736	-40.59325	13.348584	440.20908975601196
10	2085.4995	1146.9933	3376.8855	160.50882	2224.4834	1192.9412	3473.5425	54.507935	1000.0	1000.0	50000	48.864075	54.114693	205.48422	-23.114285	48.863785	54.11669	204.73314	-21.993887	-50.285313	16.785757	486.3496479988098
11	2610.0806	975.3994	3765.7622	1384.1234	1481.3716	1173.0219	3389.5786	116.30202	1000.0	1000.0	55000	60.68283	64.08233	220.78217	-25.368868	60.681965	64.08511	219.98578	-25.422932	-62.315536	21.625057	532.4083564281464
12	1843.2682	1400.131	3544.6758	142.9238	3748.0696	64.44948	3897.136	3654.4631	1000.0	1000.0	60000	70.04855	72.88532	239.33986	-27.9658	70.04822	72.8876	238.29811	-30.124744	-71.760765	26.865107	577.401159286499
13	2375.0308	1582.6284	3936.3142	192.7128	3969.8706	558.72156	4538.2983	2446.6824	1000.0	1000.0	65000	83.68195	82.05367	259.83124	-34.133774	83.681305	82.05588	257.3436	-37.18941	-85.51737	31.204433	622.978499174118
14	1714.4684	1070.426	3842.7986	1053.4537	2721.8262	934.4855	3815.635	1345.2931	1000.0	1000.0	70000	91.99618	89.861786	270.9048	-37.785606	91.99633	89.86329	268.36365	-39.3437	-93.770874	36.864494	668.8065187931061
15	3094.0925	991.9463	4167.5728	1857.1315	4109.01	137.70929	4323.0415	3912.9377	1000.0	1000.0	75000	101.22689	96.788765	292.2921	-44.04453	101.22634	96.79002	292.5076	-47.37844	-103.219	44.72538	713.7946157455444
16	3375.6597	568.40344	3854.2026	2266.9194	2901.5266	974.4641	3569.2065	54.739525	1000.0	1000.0	80000	114.34045	103.27529	301.09326	-49.24554	114.34024	103.27711	302.80963	-53.189274	-116.55882	48.62792	762.1973965167999
17	2934.4595	1364.197	3974.632	254.83957	3171.0332	1370.705	4435.1626	769.18896	1000.0	1000.0	85000	126.73393	107.63741	314.3237	-60.122925	126.733665	107.64017	313.65408	-55.986393	-129.11974	51.71002	814.2625937461853
18	3747.6418	254.5549	4007.4773	3270.938	4340.206	169.75633	4722.455	4137.172	1000.0	1000.0	90000	138.40901	111.41159	320.61145	-65.211975	138.4083	111.41377	320.08624	-60.427544	-140.60332	54.12919	870.8198053836823
19	3679.3328	1042.4402	4431.333	1628.9053	4340.2905	224.94199	4817.172	4107.8115	1000.0	1000.0	95000	150.14221	114.45279	330.1467	-70.99166	150.14218	114.453835	330.12485	-65.46433	-152.18805	57.017212	924.0045256614685
20	3953.425	462.18524	4559.0845	3162.0513	4786.1187	392.99884	5077.007	3698.8914	1000.0	1000.0	100000	160.98541	116.985115	334.1957	-69.96197	160.98483	116.98547	335.7129	-65.634636	-163.3644	59.36125	973.7069764137268
21	4527.124	147.65544	4770.7944	4343.012	3197.6702	988.8269	4067.143	872.20374	1000.0	1000.0	105000	172.48141	119.05173	342.09412	-72.48993	172.4813	119.053795	341.4595	-71.92995	-174.83989	55.60975	1023.1502907276154
22	3764.401	719.7928	4701.3	2607.4377	4609.909	964.66376	5482.3887	2618.2034	1000.0	1000.0	110000	182.9713	121.0269	355.795	-76.19556	182.97066	121.02862	357.7114	-74.236984	-185.52478	56.97939	1072.3948302268982
23	4211.7437	1128.4176	4846.2725	1958.0836	4487.8325	390.19968	4936.02	3425.0535	1000.0	1000.0	115000	192.87517	122.92667	364.494	-75.188	192.87439	122.92853	367.62064	-75.31	-194.72255	58.485306	1123.137942790985
24	3402.2585	1117.4204	4870.393	1829.3315	4335.827	659.8808	4832.062	2506.4497	1000.0	1000.0	120000	201.217	125.18768	372.03903	-82.63574	201.21692	125.18868	371.8421	-78.507256	-203.39552	61.125076	1172.7519209384918
25	3931.4204	1270.5596	4899.199	1433.1554	4788.6284	130.64505	5061.3657	4574.481	1000.0	1000.0	125000	209.92793	127.16861	377.0816	-80.97953	209.92746	127.16965	378.56747	-79.91242	-212.09285	60.84975	1227.9993786811829
26	4524.257	409.4694	5056.009	3829.9548	3307.396	1448.1031	4431.671	593.2489	1000.0	1000.0	130000	217.53194	129.72182	385.3946	-85.22684	217.53174	129.7232	386.36713	-80.47987	-219.59778	65.04402	1278.2445950508118
27	4038.692	1171.4865	4914.027	1725.2102	4429.372	902.6599	5021.813	1865.4435	1000.0	1000.0	135000	225.26016	131.61928	391.8084	-87.49419	225.26012	131.61935	393.8917	-85.099686	-227.50604	67.30794	1327.9294068813324
28	4597.315	317.39258	4980.6245	4116.263	4734.2085	599.52673	5101.846	2963.8447	1000.0	1000.0	140000	232.00877	133.71516	399.6853	-95.45728	232.00879	133.71559	398.88562	-97.24741	-233.803	68.55142	1377.7027916908264
29	4463.35	394.8258	4918.2183	3814.649	4805.6426	104.79154	5003.9414	4650.622	1000.0	1000.0	145000	238.88814	134.95955	398.08194	-97.782074	238.88792	134.95917	399.32962	-95.88054	-240.6881	71.28275	1425.6417899131775
30	4700.536	92.7416	4872.919	4621.085	4028.4219	1413.213	4876.8433	-139.68245	1000.0	1000.0	150000	245.89203	135.59111	402.06262	-97.69179	245.89185	135.59137	402.5785	-98.405945	-247.8212	70.79095	1479.9419159889221
31	2817.5576	2139.224	4642.5903	-128.05309	4585.6416	838.6514	5144.2485	2204.1746	1000.0	1000.0	155000	249.2624	138.12984	405.85724	-99.05021	249.26244	138.129	405.0102	-101.54923	-251.27325	68.971634	1532.244614124298
32	4655.452	388.5311	5083.423	3951.6794	4898.232	113.6476	5088.0884	4720.112	1000.0	1000.0	160000	253.515	139.56334	406.28705	-117.64042	253.51517	139.56258	406.61606	-119.90396	-255.78165	70.57863	1583.1844973564148
33	4667.7295	600.74255	5022.3276	3469.38	5110.669	82.85538	5226.1143	4995.673	1000.0	1000.0	165000	259.66602	140.12534	410.39072	-119.45416	259.66544	140.126	408.0604	-121.85312	-262.06555	71.342415	1637.579482793808
34	4907.0234	152.23553	5077.6323	4677.92	5112.1714	100.94379	5253.1724	4902.7007	1000.0	1000.0	170000	265.0355	140.51566	410.49207	-119.19531	265.03503	140.51569	413.41776	-122.85811	-266.672	68.93603	1691.008816242218
35	4342.358	1175.0636	5028.954	1996.3516	4605.1987	978.7436	5135.2856	1697.1278	1000.0	1000.0	175000	269.63977	141.05725	415.80258	-123.59026	269.63953	141.05731	418.89862	-117.37581	-271.71255	67.99342	1742.5207059383392
36	4959.2905	74.33498	5046.7817	4830.747	5207.0996	42.017937	5296.012	5162.768	1000.0	1000.0	180000	273.7942	141.6069	414.33487	-117.182724	273.794	141.60524	414.60434	-113.45087	-276.0602	68.70798	1796.2726385593414
37	4921.718	182.64789	5091.203	4677.532	5460.549	122.402245	5617.63	5204.12	1000.0	1000.0	185000	278.8163	141.48737	420.01068	-115.93061	278.8154	141.48642	421.6071	-118.08017	-281.24695	68.45265	1848.1482498645782
38	5058.536	167.81372	5269.8354	4788.8403	4985.5195	83.57662	5128.854	4828.753	1000.0	1000.0	190000	283.3781	141.32625	420.56525	-120.26648	283.37756	141.32512	421.8728	-121.83478	-285.47095	66.24928	1899.216513633728
39	4920.1104	107.03252	5038.6587	4720.786	5516.491	134.01286	5653.633	5226.0454	1000.0	1000.0	195000	288.2896	140.52852	421.7785	-119.12852	288.28946	140.52606	419.53168	-122.19185	-290.2422	64.70426	1955.6179745197296
40	5138.2637	84.4859	5231.071	5007.37	5469.96	73.90711	5595.6206	5368.5596	1000.0	1000.0	200000	292.82126	139.90399	424.58344	-119.03617	292.8209	139.90228	425.1149	-122.875305	-294.946	66.26572	2012.8788843154907
41	5192.7295	8.113525	5206.6494	5182.006	4624.126	1129.6829	5320.2866	1283.0433	1000.0	1000.0	205000	297.55325	138.98474	426.47903	-112.167595	297.5532	138.9824	427.55908	-121.80051	-299.9291	62.523907	2068.2338483333588
42	5121.8174	159.33662	5321.1953	4837.411	5307.3696	67.344536	5409.351	5193.5156	1000.0	1000.0	210000	301.8538	138.27011	428.5797	-111.05637	301.854	138.26823	430.90005	-102.17269	-303.85782	63.3196	2126.0712394714355
43	5067.794	148.42912	5197.443	4784.014	5603.073	79.484055	5721.4844	5500.702	1000.0	1000.0	215000	306.18063	137.10866	428.83014	-107.97797	306.18	137.10776	432.12866	-96.71869	-307.8905	60.178463	2183.1646769046783
44	5181.8965	150.69852	5379.641	5027.7593	5484.9917	77.61517	5630.933	5342.55	1000.0	1000.0	220000	309.8679	136.67426	433.00037	-100.41725	309.8681	136.67247	432.78802	-104.62539	-311.2952	59.80625	2238.90638256073
45	5142.3296	118.371544	5295.76	4973.5093	5546.196	86.93072	5661.9575	5408.316	1000.0	1000.0	225000	313.37363	136.35681	434.33368	-104.189476	313.37375	136.35466	435.5654	-111.52513	-315.35434	59.940914	2295.86079287529
46	5209.3643	106.56542	5390.6113	5117.696	5493.7974	68.07041	5583.258	5366.8135	1000.0	1000.0	230000	316.87888	136.03842	435.63974	-109.96616	316.8789	136.03743	436.18762	-109.63114	-318.71976	57.90952	2354.508980035782
47	5277.035	128.7846	5531.624	5191.8022	5539.988	114.66301	5781.677	5334.486	1000.0	1000.0	235000	320.95325	135.25473	438.8829	-115.64342	320.9526	135.25346	437.43164	-115.373985	-322.88544	58.12365	2410.6597542762756
48	5197.4766	121.317444	5323.6924	4995.569	5280.21	62.520752	5354.8174	5176.0664	1000.0	1000.0	240000	324.33945	134.8678	440.767	-112.651634	324.33978	134.86551	439.43628	-113.16771	-325.92307	57.532814	2467.0073943138123
49	5208.2285	179.94603	5486.987	4957.043	5617.5117	102.29754	5706.5596	5349.555	1000.0	1000.0	245000	327.91824	134.69362	440.8594	-105.12793	327.91824	134.69131	441.51147	-107.06047	-329.62885	56.59315	2517.0552911758423
50	5301.398	121.67078	5491.672	5113.596	5501.9014	66.32303	5580.097	5375.4834	1000.0	1000.0	250000	331.08765	134.0888	445.77133	-102.187775	331.08768	134.08704	443.56244	-101.86483	-333.04965	56.0493	2565.794668674469
51	5223.784	136.57494	5391.2544	4986.181	5590.683	49.914112	5686.3257	5512.5166	1000.0	1000.0	255000	334.50748	133.01756	445.5822	-102.29161	334.50726	133.01611	447.6493	-100.35522	-336.44968	56.366444	2615.5342135429382
52	5204.1514	189.38463	5379.507	4856.129	5444.0537	74.17523	5519.6177	5303.4795	1000.0	1000.0	260000	337.64807	132.63654	451.66107	-102.48743	337.64777	132.63457	449.3079	-96.51585	-339.68204	53.395462	2664.0179920196533
53	5111.1025	194.89255	5298.8955	4778.1357	5461.282	105.99738	5618.763	5327.6787	1000.0	1000.0	265000	340.56693	132.06192	450.62186	-105.688354	340.56696	132.05951	450.93597	-98.85184	-342.19763	53.209	2714.1198756694794
54	5297.9385	103.215355	5404.411	5125.142	5608.864	69.389145	5718.9634	5496.4395	1000.0	1000.0	270000	343.47675	131.18456	452.92374	-98.34596	343.47665	131.18288	452.27164	-94.31657	-345.47736	51.77417	2763.9299700260162
55	5249.2197	120.713715	5459.2163	5109.713	5290.6465	67.758896	5387.529	5154.0186	1000.0	1000.0	275000	346.65662	130.1111	450.51044	-94.068146	346.65683	130.10973	452.1353	-103.014656	-348.24127	52.02049	2812.4601724147797
56	5088.6694	114.61094	5239.7695	4915.6235	4983.747	101.29965	5171.1387	4850.362	1000.0	1000.0	280000	349.0782	129.29909	453.63147	-95.23418	349.07773	129.29805	452.84802	-101.293335	-350.83304	52.60966	2862.657360315323
57	5151.6655	187.2681	5379.206	4810.946	5377.917	86.57408	5547.082	5256.715	1000.0	1000.0	285000	351.71738	128.13187	454.5523	-93.791626	351.71732	128.1291	455.02963	-94.7394	-353.40384	50.157604	2915.0263636112213
58	5239.505	86.652824	5400.883	5157.0273	5374.917	78.887115	5514.7124	5198.9043	1000.0	1000.0	290000	354.3628	126.96663	455.7081	-91.47476	354.36316	126.96451	456.78613	-94.74961	-356.32056	49.945625	2964.0362157821655
59	5193.668	173.88837	5396.294	4951.9097	5317.6313	72.663086	5421.341	5180.587	1000.0	1000.0	295000	356.64426	126.15053	455.1826	-77.525566	356.64398	126.14791	456.89075	-68.88294	-358.22504	48.505867	3013.380434989929
60	5185.3853	256.5307	5524.183	4737.163	5543.8696	80.242744	5649.712	5399.7305	1000.0	1000.0	300000	359.5152	124.62168	458.15744	-81.31909	359.5152	124.619995	457.2564	-82.97284	-361.3854	47.815693	3067.1816895008087
61	5096.579	151.07558	5301.041	4885.4326	5515.582	74.905	5658.1196	5434.996	1000.0	1000.0	305000	362.03595	123.28429	463.8994	-81.3119	362.0362	123.28148	463.08566	-76.7014	-363.6759	47.21646	3120.5868022441864
62	5319.1123	112.70913	5442.773	5126.22	5433.894	106.23149	5591.2905	5275.2505	1000.0	1000.0	310000	364.06793	122.513405	464.05322	-83.66967	364.0678	122.51101	461.1127	-82.09191	-365.89148	46.501274	3173.2070655822754
63	5307.3486	113.60985	5461.201	5138.5244	5550.5444	77.92529	5649.594	5431.311	1000.0	1000.0	315000	365.84415	121.90731	462.66534	-70.779236	365.8446	121.90461	462.46716	-76.268234	-367.3253	47.257862	3224.9986770153046
64	5256.4697	157.42957	5475.5986	5022.7573	5470.394	64.849174	5586.766	5347.0786	1000.0	1000.0	320000	367.01532	121.83458	464.59485	-68.63532	367.01523	121.83248	463.46268	-62.773197	-369.02505	46.623474	3277.2751483917236
65	5201.482	86.59234	5299.9126	5044.5864	5478.6553	74.26302	5596.654	5340.206	1000.0	1000.0	325000	368.94714	121.53468	463.03305	-75.82406	368.94714	121.533585	463.7682	-69.781654	-370.66483	45.03265	3338.716386795044
66	5323.42	81.36465	5448.8022	5214.1206	5499.1	68.84138	5602.604	5378.145	1000.0	1000.0	330000	370.51788	121.13195	463.41888	-75.91455	370.5182	121.12977	465.5935	-56.710407	-372.31506	46.684673	3390.798420906067
67	5224.523	96.59985	5386.437	5103.095	5488.9556	57.50234	5568.422	5404.2114	1000.0	1000.0	335000	371.9289	120.6581	465.12567	-60.00404	371.92926	120.65514	465.41245	-55.389965	-373.37643	45.948467	3441.3417768478394
68	5329.1855	38.407845	5379.5903	5270.482	5591.6475	83.87376	5710.872	5430.094	1000.0	1000.0	340000	373.7331	120.00554	465.59937	-65.455345	373.73303	120.00451	466.2709	-65.24255	-375.81027	44.34063	3497.055243730545
69	5336.294	155.4043	5472.9014	5038.6196	5508.0767	96.16231	5661.6304	5327.494	1000.0	1000.0	345000	375.1854	119.83865	465.99796	-65.36349	375.1855	119.83648	466.9884	-60.568157	-376.8862	44.167282	3546.3405282497406
70	5349.6055	63.71639	5448.5117	5264.9355	5384.786	105.47334	5523.029	5166.821	1000.0	1000.0	350000	377.33325	119.162476	467.63852	-71.89559	377.33368	119.16053	469.79193	-74.2856	-379.2026	43.929127	3596.295203447342
71	5242.37	149.06259	5401.562	4976.3384	5423.2075	91.883415	5528.6133	5245.2085	1000.0	1000.0	355000	378.5935	119.27326	467.40503	-65.87347	378.59338	119.27004	468.28915	-66.53503	-380.3868	43.560642	3646.8184978961945
72	5260.6475	79.91329	5356.0513	5164.797	5561.1133	55.029736	5672.4414	5494.1426	1000.0	1000.0	360000	380.45035	118.361046	468.95566	-68.34007	380.45056	118.3594	470.58896	-56.192127	-382.0775	42.520576	3696.1775476932526
73	5304.4077	79.41145	5372.12	5148.7754	5618.9956	55.81412	5701.7207	5549.781	1000.0	1000.0	365000	381.35657	118.74606	468.16492	-70.074524	381.35666	118.74287	469.39368	-71.710884	-382.78427	41.973274	3746.6281864643097
74	5378.727	64.92967	5443.628	5291.725	5630.969	65.19744	5768.348	5543.785	1000.0	1000.0	370000	383.24557	117.79532	470.74442	-74.84405	383.24548	117.7928	471.91708	-71.695145	-384.60605	42.626244	3809.2358207702637
75	5309.6865	121.271614	5478.552	5110.4565	5541.2	83.91064	5742.6426	5433.796	1000.0	1000.0	375000	384.51047	117.360954	471.43814	-74.713165	384.51117	117.3574	472.10043	-62.56648	-386.42035	41.72328	3858.2546646595
76	5402.4717	88.70515	5564.753	5309.8022	5733.5186	89.57403	5907.297	5579.457	1000.0	1000.0	380000	385.82056	117.17871	471.9716	-66.59238	385.82092	117.17513	472.37775	-76.508316	-387.2086	41.103943	3909.2084782123566
77	5524.2354	147.06197	5775.9487	5324.7505	5563.337	98.04287	5689.28	5390.3228	1000.0	1000.0	385000	386.9692	116.862274	474.2807	-60.821987	386.9691	116.85955	473.71786	-52.599186	-388.80453	41.021065	3961.6257531642914
78	5375.3506	134.37053	5557.4253	5160.401	5617.2544	49.258274	5708.1016	5539.203	1000.0	1000.0	390000	388.2967	116.95961	473.95322	-70.464806	388.29697	116.95701	473.9822	-68.21388	-389.92245	41.07565	4015.3655519485474
79	5373.9663	74.15892	5499.596	5295.9956	5466.4033	82.48226	5603.9653	5289.5796	1000.0	1000.0	395000	389.9542	116.34261	475.45856	-55.734173	389.95395	116.33935	475.34845	-71.70384	-391.549	40.078842	4067.4227423667908
80	5320.3057	80.62419	5433.337	5237.537	5400.081	71.2752	5488.044	5262.681	1000.0	1000.0	400000	390.82516	116.750595	474.12146	-76.08399	390.8254	116.74791	474.78717	-78.101944	-392.3263	40.43115	4121.92462015152
81	5308.0664	106.184586	5471.6123	5190.2817	5835.832	38.874134	5880.4263	5739.599	1000.0	1000.0	405000	392.02243	116.677086	474.7073	-75.64539	392.0222	116.67483	475.87943	-64.33609	-393.64694	39.863876	4172.386600494385
82	5425.2505	139.39786	5603.2573	5240.565	5478.591	90.76279	5643.4	5327.139	1000.0	1000.0	410000	393.02795	117.02759	481.91907	-73.44456	393.02844	117.02393	481.9679	-88.92995	-394.6092	40.707615	4224.030390501022
83	5419.348	145.38301	5552.858	5155.329	5725.4453	74.72703	5866.9805	5614.302	1000.0	1000.0	415000	394.34998	116.7796	478.11044	-77.823265	394.35025	116.777245	477.12646	-86.050125	-395.85406	40.815662	4277.764261960983
84	5394.903	123.70906	5573.399	5234.2505	5621.538	92.13758	5765.033	5446.409	1000.0	1000.0	420000	394.9119	117.237465	478.3645	-74.14971	394.912	117.235565	478.93576	-78.930595	-396.44275	41.520786	4326.403737545013
85	5426.087	94.8424	5520.298	5244.2783	5865.1655	60.36964	5953.3276	5775.0537	1000.0	1000.0	425000	396.0298	116.998634	476.86185	-86.16896	396.0304	116.9952	479.13547	-90.4105	-397.42465	40.549812	4378.138436794281
86	5415.9585	76.439384	5524.433	5294.55	5756.8994	69.486885	5850.5566	5644.2085	1000.0	1000.0	430000	396.99435	116.906525	478.551	-93.98636	396.9947	116.90341	480.2065	-104.52261	-398.526	41.821705	4431.851014137268
87	5415.772	122.68169	5538.8955	5210.18	5699.4185	76.621475	5871.4214	5542.225	1000.0	1000.0	435000	397.95914	116.8267	481.3432	-76.89428	397.95987	116.822205	481.2467	-92.48596	-399.62418	41.76964	4499.44234919548
