Epoch	AverageEpRet	StdEpRet	MaxEpRet	MinEpRet	AverageTestEpRet	StdTestEpRet	MaxTestEpRet	MinTestEpRet	EpLen	TestEpLen	TotalEnvInteracts	AverageQVals	StdQVals	MaxQVals	MinQVals	LossPi	LossQ	Time
1	-307.79987	61.25396	-206.93297	-389.52994	-395.20792	28.112017	-354.68283	-431.9059	1000.0	1000.0	5000	1.0935863	2.8839555	16.28661	-8.133095	-1.7834834	0.1958947	65.0769190788269
2	-230.88997	60.963745	-181.34021	-350.65744	-477.19867	193.4599	-202.4446	-821.1578	1000.0	1000.0	10000	9.482238	6.7951427	39.716797	-7.9723244	-11.112115	0.6346064	127.01177406311035
3	-122.71721	260.61295	343.69144	-434.2561	-403.71326	45.903755	-336.03598	-472.3296	1000.0	1000.0	15000	21.618425	9.078983	65.324265	2.9882894	-23.075766	1.3575611	199.84139108657837
4	-170.56264	86.17628	-56.009434	-278.99466	171.57071	174.06087	429.84985	-151.26268	1000.0	1000.0	20000	33.73576	12.961995	79.177765	7.762355	-35.303226	2.0385756	279.3825931549072
5	548.3089	383.99686	900.18787	-43.224903	1340.4453	245.80374	1556.5155	831.21857	1000.0	1000.0	25000	42.45436	18.745398	98.19626	15.755289	-43.68588	2.166964	353.76371002197266
6	2099.86	348.7444	2618.4578	1634.3348	2342.0984	146.40625	2616.985	2181.666	1000.0	1000.0	30000	58.131584	27.504692	126.97702	17.526697	-59.573013	2.5310776	438.5129499435425
7	2623.3066	193.4413	2858.6426	2331.0342	2750.3677	578.5301	3064.8315	1032.322	1000.0	1000.0	35000	79.04204	35.43487	155.70918	23.056839	-80.81619	3.2772508	514.8276941776276
8	3178.7205	194.07788	3329.7544	2810.1326	3442.2534	199.16731	3647.3455	2945.66	1000.0	1000.0	40000	102.477486	42.120155	186.797	31.671799	-104.25288	4.127786	587.5522129535675
9	2346.4185	1660.305	3842.571	93.801445	2801.6501	1427.167	3977.0278	-113.07082	1000.0	1000.0	45000	125.02285	48.686752	224.70445	42.4846	-126.88127	5.03555	657.6741161346436
10	1946.4883	951.2655	3241.7683	351.2686	2242.7224	1176.4835	3764.3818	334.45276	1000.0	1000.0	50000	142.24696	58.560635	252.09558	48.102737	-143.74838	6.561061	727.8403809070587
11	3182.101	1432.5706	4288.3574	359.8089	2379.9995	1359.0869	3971.9927	64.14882	1000.0	1000.0	55000	158.85176	69.41125	279.28516	48.94216	-160.57085	8.176731	798.160845041275
12	4143.7627	155.4381	4303.256	3852.3486	4419.1787	143.29512	4629.977	4118.2515	1000.0	1000.0	60000	181.57292	78.83124	302.3094	49.707264	-183.20705	9.202041	870.1162979602814
13	4197.768	130.54636	4277.3667	3938.7258	4433.514	101.62721	4595.9556	4251.253	1000.0	1000.0	65000	204.809	85.965096	330.8249	53.130104	-206.50822	10.374012	940.5936691761017
14	4218.802	266.1703	4418.765	3713.131	4589.4478	73.74347	4688.2974	4479.822	1000.0	1000.0	70000	227.1113	91.13274	349.42923	57.889397	-228.95787	10.708515	1010.4530711174011
15	4420.59	178.3453	4645.5596	4166.9253	4365.667	152.43143	4540.2583	4051.0254	1000.0	1000.0	75000	247.83386	94.14479	366.68384	60.302742	-249.94405	11.587025	1080.2544021606445
16	4308.829	144.74867	4486.4487	4075.1558	4369.257	192.0528	4583.6987	3957.5664	1000.0	1000.0	80000	268.09085	94.71891	382.1385	76.057076	-269.90936	12.088005	1149.6191010475159
17	4612.7944	277.10986	4837.874	4069.4478	4545.977	192.74135	4764.1807	4176.3228	1000.0	1000.0	85000	287.04193	93.99986	398.49158	82.83029	-289.22125	12.397104	1219.4092228412628
18	4606.0405	166.13779	4840.099	4336.3975	4960.807	85.545876	5077.2944	4799.41	1000.0	1000.0	90000	304.70667	93.22811	416.51505	102.329895	-306.6863	11.664523	1288.7850930690765
19	4466.561	602.5309	4835.7705	3272.3142	5160.5674	50.729034	5265.4814	5091.0522	1000.0	1000.0	95000	320.06766	94.14882	430.00928	105.42941	-322.15845	11.8769655	1359.0257568359375
20	4939.255	102.0058	5050.1123	4809.397	5049.1577	80.116875	5228.789	4892.6714	1000.0	1000.0	100000	333.6886	96.263664	441.84094	106.17909	-335.45654	12.076972	1433.7742540836334
21	4905.4966	235.51416	5193.611	4541.6396	5201.8823	134.14876	5392.484	4919.0215	1000.0	1000.0	105000	346.35535	98.501335	455.50928	114.37753	-348.112	12.378489	1501.895089149475
22	5116.9507	118.03182	5258.6147	4906.0327	4687.374	857.52136	5517.618	2259.2024	1000.0	1000.0	110000	359.5147	99.049164	469.11398	118.29577	-361.58655	13.6157875	1551.8533790111542
23	4176.3594	828.4957	4802.421	2554.623	4944.6265	140.15854	5162.313	4675.5405	1000.0	1000.0	115000	371.55734	100.09142	480.9924	108.437515	-373.6058	14.492356	1599.1208992004395
24	5064.819	259.63156	5353.956	4650.12	5947.8916	85.65367	6060.826	5825.6416	1000.0	1000.0	120000	383.6613	100.73837	497.91428	128.61009	-385.6981	15.37944	1647.3957560062408
25	5659.889	150.77019	5907.4243	5486.913	5641.706	156.12265	5967.315	5432.67	1000.0	1000.0	125000	396.2717	100.79274	517.085	137.17897	-398.33066	16.04943	1693.0797021389008
26	5726.598	145.9976	5972.3022	5564.477	5520.73	261.69962	5924.7046	5072.172	1000.0	1000.0	130000	409.97845	99.8195	528.09784	146.91992	-412.1491	15.971672	1741.4877359867096
27	5463.7085	274.11133	5902.438	5181.119	6040.4453	116.987206	6220.2056	5878.8276	1000.0	1000.0	135000	422.9602	100.48125	548.6792	155.1259	-425.2138	16.394367	1787.7825400829315
28	5712.983	385.7089	6184.743	5108.0303	6577.1665	126.12846	6772.2524	6367.455	1000.0	1000.0	140000	435.85757	100.4711	565.8609	165.62909	-438.1592	17.295769	1838.1948821544647
29	5699.677	827.45667	6548.691	4387.692	6316.12	118.43962	6428.9062	5987.901	1000.0	1000.0	145000	448.92285	99.74762	583.0373	167.28136	-451.0876	17.800467	1882.8319249153137
30	5879.4814	251.5959	6207.4575	5578.159	6548.236	101.37545	6762.4844	6380.3774	1000.0	1000.0	150000	460.89978	99.08861	591.5507	178.91661	-463.02625	18.114391	1927.16308927536
31	6291.2837	265.66214	6567.1445	5799.823	7023.461	170.1537	7206.6094	6592.4463	1000.0	1000.0	155000	472.38904	99.25949	605.5586	190.54515	-474.6867	18.563972	1971.7284591197968
32	6426.419	238.57703	6712.083	6002.2188	6536.706	143.45312	6733.6924	6256.8804	1000.0	1000.0	160000	484.05618	99.520905	624.54364	185.47818	-486.1365	19.047537	2016.1736540794373
33	6139.091	429.81918	6570.7373	5358.465	6545.113	77.802055	6710.431	6404.333	1000.0	1000.0	165000	495.90665	99.013664	631.81757	211.81633	-498.28824	19.749031	2060.539349079132
34	6413.7886	289.12042	6916.3486	6108.6323	6874.1875	431.1769	7253.9395	5670.486	1000.0	1000.0	170000	507.23767	98.41197	644.00854	216.15785	-509.3829	20.824913	2110.7864050865173
35	6874.6904	155.22978	6972.438	6567.098	6933.331	207.5528	7360.82	6583.596	1000.0	1000.0	175000	519.2942	96.85466	653.95624	231.74045	-521.7565	20.727207	2154.6907210350037
36	6350.1123	534.6463	7061.047	5575.6743	7060.721	80.402306	7240.2495	6984.9263	1000.0	1000.0	180000	530.84924	95.33625	665.72296	246.0966	-533.4433	21.229382	2199.454612016678
37	6960.8984	441.68024	7515.167	6328.2773	5858.3623	1833.7108	7238.724	1193.2443	1000.0	1000.0	185000	542.0662	94.69071	689.2492	260.4621	-544.78796	21.689163	2243.5255439281464
38	7212.6836	161.26234	7492.6353	7050.1987	7515.1865	120.517235	7725.377	7311.68	1000.0	1000.0	190000	552.9507	95.55947	703.4062	270.71173	-555.36536	21.89695	2288.3396389484406
39	7154.5596	210.42174	7466.414	6850.273	6597.651	578.43555	7082.304	5014.6724	1000.0	1000.0	195000	562.847	98.026566	713.4947	260.7015	-565.2299	21.3443	2332.7231879234314
40	6894.0654	349.63318	7220.599	6364.8003	7177.2407	245.17119	7489.375	6593.748	1000.0	1000.0	200000	572.6021	101.20979	725.77295	256.9729	-575.0638	22.83227	2377.348482131958
41	7034.492	285.69766	7281.741	6494.9976	6124.5264	2368.1367	7833.295	534.4531	1000.0	1000.0	205000	581.8928	104.430336	731.9765	254.66423	-584.6027	23.820284	2426.7309551239014
42	7522.746	178.78867	7800.762	7245.225	7938.056	100.61645	8089.982	7716.2007	1000.0	1000.0	210000	591.50073	106.394264	742.3205	258.85062	-593.8745	23.850218	2471.0911219120026
43	7245.0522	269.72803	7618.6787	6975.526	7232.585	354.90475	7511.487	6243.8354	1000.0	1000.0	215000	600.8281	107.705154	756.83417	259.85962	-603.2464	24.301338	2516.0863358974457
44	7284.2485	186.39442	7509.7627	7040.901	7772.0	95.06079	7965.8716	7601.433	1000.0	1000.0	220000	609.35126	108.88434	762.55426	254.62866	-611.6409	23.690054	2559.9209022521973
45	7342.7593	338.17725	7776.8105	6780.6777	8009.0327	287.71268	8241.408	7226.1953	1000.0	1000.0	225000	618.00696	109.790825	773.6497	262.3553	-620.4977	23.74885	2605.1183400154114
46	7118.9805	530.6774	7765.8384	6304.04	8033.107	170.94717	8325.531	7822.037	1000.0	1000.0	230000	625.7318	110.56848	776.7493	257.94913	-628.0954	24.470795	2649.110033273697
47	7395.0625	456.7655	7845.3916	6568.6147	8064.1616	196.49913	8341.326	7714.4204	1000.0	1000.0	235000	633.5346	109.535645	788.24786	261.27734	-636.0289	24.48685	2696.8990671634674
48	7405.625	585.4423	7909.6064	6375.338	8292.303	91.797455	8457.392	8147.9116	1000.0	1000.0	240000	640.23755	110.27405	791.7304	269.1691	-642.4714	25.330753	2741.568997144699
49	7619.7812	410.1145	8042.3867	6928.3857	7538.085	617.95715	8069.74	5894.467	1000.0	1000.0	245000	647.10394	109.794464	801.00146	284.0162	-649.4423	25.684044	2786.8282911777496
50	7581.4795	205.4873	7814.3306	7213.7485	8020.6016	216.84987	8316.375	7696.4683	1000.0	1000.0	250000	653.8293	109.89821	804.6516	273.8261	-656.33124	25.680124	2831.6096591949463
51	7760.462	131.66971	7979.9556	7608.511	8290.052	105.047	8443.052	8093.1714	1000.0	1000.0	255000	659.9894	109.833336	807.3204	286.94876	-662.3476	25.935429	2876.37478017807
52	7595.54	436.01343	7943.1475	6764.949	8443.712	160.38762	8794.312	8151.8325	1000.0	1000.0	260000	666.3379	108.72542	814.73834	285.9607	-668.8447	25.467852	2920.806748867035
53	7888.823	117.66706	8053.463	7743.7026	8479.742	119.75594	8639.22	8221.636	1000.0	1000.0	265000	672.2671	108.313446	823.9518	304.9268	-674.813	25.692007	2966.5360078811646
54	7889.035	266.34924	8230.946	7549.3984	8454.287	119.97947	8650.803	8218.858	1000.0	1000.0	270000	678.00354	106.52544	826.78796	306.19592	-680.528	26.773338	3011.6994428634644
55	7980.461	229.28601	8278.472	7627.821	8334.172	171.45305	8664.738	8065.91	1000.0	1000.0	275000	684.00494	103.99657	827.6207	324.62375	-686.1021	26.485662	3057.5804080963135
56	8138.6196	183.101	8357.178	7885.777	8546.863	115.03051	8781.908	8375.509	1000.0	1000.0	280000	689.78735	102.204605	843.9719	323.68283	-692.2012	26.18902	3102.949784040451
57	8127.604	187.87889	8294.782	7770.0923	8572.363	135.37141	8888.75	8362.662	1000.0	1000.0	285000	694.5998	102.7749	843.3079	348.68497	-696.8071	25.226925	3148.1422860622406
58	8091.702	298.68896	8417.017	7625.0586	8486.834	118.18767	8648.92	8292.417	1000.0	1000.0	290000	698.67505	104.95	854.7345	340.531	-701.1774	25.996586	3193.455379962921
59	8141.6772	237.50357	8548.078	7875.208	8693.303	111.746445	8911.153	8572.126	1000.0	1000.0	295000	703.98944	104.35902	857.37006	344.38516	-706.3191	26.395313	3239.1468012332916
60	8407.8	114.975136	8563.733	8272.514	8642.214	121.71336	8848.613	8432.99	1000.0	1000.0	300000	708.9615	104.5476	860.3185	343.12073	-711.1259	26.40685	3287.256390094757
61	8228.631	257.72324	8506.004	7806.503	7736.966	2066.603	8773.92	1582.9119	1000.0	1000.0	305000	713.7942	105.065216	864.9673	343.3676	-716.2271	25.865053	3330.984461069107
62	8190.9834	297.97842	8577.035	7777.6333	8670.678	146.31105	8855.582	8367.361	1000.0	1000.0	310000	718.2111	105.4576	871.9983	329.60223	-720.4528	27.073875	3379.059457063675
63	8272.252	284.47812	8587.543	7824.8755	6787.964	2467.1912	8343.98	696.79584	1000.0	1000.0	315000	722.876	106.052635	875.8897	322.03098	-725.1016	26.396069	3424.375107049942
64	7576.8623	1510.5222	8522.869	4562.69	7346.225	2466.8704	8769.702	1834.9597	1000.0	1000.0	320000	726.8918	106.22923	883.63165	343.87784	-729.6341	26.879787	3470.4425871372223
65	8228.396	207.73363	8476.768	7959.6724	8404.205	149.37288	8671.826	8180.902	1000.0	1000.0	325000	731.3675	106.59362	890.8361	351.53476	-733.8298	27.258043	4096.755001068115
66	8238.301	191.39452	8440.16	7909.6396	7774.1885	403.90543	8338.117	6822.9727	1000.0	1000.0	330000	735.4338	107.58188	890.21564	348.84024	-738.0897	27.71385	6502.299113035202
67	8263.415	287.24084	8495.586	7698.0083	8643.235	121.19518	8804.182	8340.7295	1000.0	1000.0	335000	740.2194	106.28871	895.88947	337.10474	-742.6318	28.925898	6548.075611829758
68	8353.003	318.6968	8628.745	7767.131	8333.38	473.41006	9138.125	7172.755	1000.0	1000.0	340000	745.06836	103.78582	899.1694	369.53778	-747.8954	28.929188	6593.480975151062
69	7895.068	755.1706	8674.667	6454.2905	8072.1694	95.48359	8269.356	7946.782	1000.0	1000.0	345000	748.6297	103.44704	902.5785	378.43655	-751.1573	28.710238	6638.888312101364
70	8023.168	285.53296	8464.653	7690.6265	8714.322	423.52606	9210.609	7555.399	1000.0	1000.0	350000	752.2164	103.68333	906.83765	385.46713	-754.5817	28.52715	6692.666540145874
71	8428.727	170.12758	8739.85	8296.465	9043.803	168.33505	9291.921	8702.7	1000.0	1000.0	355000	755.41473	105.215546	911.077	373.7013	-758.1309	28.942345	6738.68980717659
72	8326.583	235.88565	8546.943	7884.2783	8523.814	83.12532	8651.76	8308.8955	1000.0	1000.0	360000	758.6154	106.46767	917.6597	351.61838	-761.1199	29.24678	6784.832645177841
73	8592.1045	259.69122	9060.079	8274.292	8471.086	274.85715	8775.629	7782.691	1000.0	1000.0	365000	761.6051	107.69177	920.91907	314.5181	-763.9481	30.041555	6831.091909170151
74	8454.205	360.23563	9042.554	7932.3154	8924.086	125.42002	9188.155	8714.734	1000.0	1000.0	370000	764.65924	109.43845	923.8874	260.3732	-766.9883	29.169262	6877.034729003906
75	8662.896	216.18684	8969.915	8399.656	8344.598	51.245445	8397.961	8275.425	1000.0	1000.0	375000	767.1988	112.07233	926.3644	233.16656	-769.7717	30.637894	6922.969353914261
76	8648.455	269.93134	8886.541	8144.513	8596.649	714.7421	9005.453	6497.041	1000.0	1000.0	380000	770.62317	112.775116	927.01166	180.64536	-773.2392	30.502562	6969.206347942352
77	8394.989	596.34564	8838.52	7215.5645	8857.414	350.37405	9341.961	7942.8423	1000.0	1000.0	385000	773.6547	113.163635	936.54846	162.93246	-776.2327	31.272024	7016.104668855667
78	8696.164	167.4357	8924.331	8545.67	8754.26	154.55412	9081.078	8559.748	1000.0	1000.0	390000	776.85175	113.31079	936.8675	142.6499	-779.3909	32.17679	7062.089354991913
79	8579.053	112.36998	8748.865	8408.584	8779.035	119.43987	8872.63	8451.772	1000.0	1000.0	395000	780.27716	112.47889	936.43274	131.47986	-782.90265	32.15863	7107.971117019653
80	8490.45	409.86954	8981.786	7938.368	9180.1	233.12239	9659.229	8933.3545	1000.0	1000.0	400000	783.686	111.77973	941.2216	117.91998	-786.1892	31.55197	7154.019579172134
81	8773.916	306.65222	9269.203	8377.531	8706.459	1332.8967	9502.87	4789.2603	1000.0	1000.0	405000	785.7798	113.55549	942.6786	97.31803	-788.0729	31.138105	7199.752616882324
82	8605.377	283.86328	9118.723	8284.39	8565.344	281.69052	8991.992	8010.8804	1000.0	1000.0	410000	788.42487	113.92281	950.4409	100.77675	-790.6496	32.451645	7245.779746055603
83	8721.331	304.56427	9000.101	8129.2334	9320.2	163.04451	9556.17	8978.547	1000.0	1000.0	415000	790.36316	115.297935	953.1621	55.117966	-792.671	32.04052	7291.576061964035
84	8930.709	217.84534	9194.52	8540.232	9331.079	231.72812	9708.256	8886.674	1000.0	1000.0	420000	792.8135	115.567986	952.81744	100.63364	-795.23694	32.041267	7337.331733942032
85	9006.443	307.23074	9424.267	8500.35	8215.641	1961.068	9348.657	2910.275	1000.0	1000.0	425000	795.50574	115.29093	965.19116	81.514885	-797.7875	31.706038	7383.203830957413
86	8675.308	376.40158	9211.319	8181.7397	8396.203	1663.5253	9481.457	3656.2896	1000.0	1000.0	430000	797.71423	115.356514	965.31195	101.71467	-800.07605	33.28048	7429.174032211304
87	8378.127	943.8541	9146.68	6748.4243	9251.589	786.9927	9658.831	6899.8374	1000.0	1000.0	435000	800.1404	115.80867	978.62366	88.815926	-802.6105	35.240044	7475.160174131393
88	9029.063	144.24138	9291.0205	8885.908	9104.096	177.75238	9524.169	8922.085	1000.0	1000.0	440000	802.29767	117.81139	984.16187	114.924416	-804.5933	33.328224	7521.10457110405
89	8923.756	145.72444	9206.352	8822.685	9133.919	513.2789	9480.13	7635.872	1000.0	1000.0	445000	804.64685	119.15457	979.53687	82.79288	-806.8554	33.43158	7567.251549959183
90	8904.162	262.73892	9373.839	8631.736	8463.059	2445.3298	9635.607	1228.8495	1000.0	1000.0	450000	806.7637	119.49623	984.5125	79.507835	-809.3156	32.053974	7613.275200128555
91	8876.822	181.58144	9048.74	8572.924	8537.894	2514.114	9799.895	1022.7588	1000.0	1000.0	455000	809.0729	120.0546	983.2553	78.832245	-811.3547	33.2616	7659.213005065918
92	8723.338	379.07047	9147.989	8045.6216	9322.144	102.549934	9482.352	9122.701	1000.0	1000.0	460000	811.4346	120.34047	988.8435	61.588783	-813.7398	33.852207	7705.164694070816
93	8647.525	870.00696	9359.729	6940.1416	9270.427	245.88615	9565.113	8665.641	1000.0	1000.0	465000	813.8984	120.01452	990.66614	52.96991	-816.0324	34.42659	7751.323105096817
94	8983.76	258.88907	9162.379	8472.435	8746.824	1390.1014	9435.418	4610.995	1000.0	1000.0	470000	815.90656	119.90122	991.3723	47.567757	-817.5968	33.780773	7797.418459892273
95	8724.781	134.12297	8884.66	8552.831	9280.208	145.31157	9567.963	9061.45	1000.0	1000.0	475000	817.1815	120.85263	987.0001	36.824646	-819.4567	33.809616	7843.3786380290985
96	9010.69	329.71927	9500.308	8516.49	8326.748	2060.7546	9366.918	2294.151	1000.0	1000.0	480000	819.29	120.60814	995.5579	43.98378	-821.4705	35.0086	7889.46545624733
97	7522.409	3103.1802	9233.71	1319.0818	8614.245	2739.4932	9795.919	412.5935	1000.0	1000.0	485000	820.9323	121.70083	990.6852	-22.057777	-823.43414	35.93879	7935.817867040634
98	9084.29	309.37543	9462.536	8604.696	9432.209	141.82098	9650.757	9239.266	1000.0	1000.0	490000	822.5263	122.368774	988.3557	-19.083214	-825.00024	35.884243	7981.868063926697
99	9149.107	103.54555	9277.287	8968.769	8557.283	2165.8223	9623.299	2087.3157	1000.0	1000.0	495000	824.58484	121.95664	991.25037	-72.02044	-826.6895	34.793987	8027.854125022888
