Epoch	AverageEpRet	StdEpRet	MaxEpRet	MinEpRet	AverageEpUncertainty	StdEpUncertainty	MaxEpUncertainty	MinEpUncertainty	AverageTestEpRet	StdTestEpRet	MaxTestEpRet	MinTestEpRet	EpLen	TestEpLen	TotalEnvInteracts	AverageQVals	StdQVals	MaxQVals	MinQVals	LossPi	LossQ	Time
1	-303.70355	64.99813	-236.34395	-416.19446	0.0	0.0	0.0	0.0	-422.63144	2.6056464	-417.26556	-426.0196	1000.0	1000.0	5000	1.7721115	3.229206	17.204199	-5.0737505	-2.7133331	0.22714561	31.909757375717163
2	-241.32658	88.64608	-153.86618	-410.48877	0.0	0.0	0.0	0.0	-449.9017	24.214935	-401.64227	-478.73544	1000.0	1000.0	10000	14.112819	8.024245	41.96246	-2.675952	-16.041441	0.8004149	63.15951204299927
3	-75.70663	27.878424	-20.897512	-93.6974	94.801735	51.412693	177.25835	29.018929	-795.25543	32.43367	-750.78625	-860.7786	1000.0	1000.0	15000	31.886187	10.928501	58.4859	5.7675276	-33.948708	0.7956505	152.1867642402649
4	-58.6756	16.272991	-37.51571	-86.49234	286.7568	23.718006	328.40805	254.6936	-834.3215	60.511745	-690.96765	-921.01965	1000.0	1000.0	20000	52.182377	11.783637	80.5141	18.25367	-54.84115	0.80644494	243.15215730667114
5	-79.438705	10.451484	-65.87113	-94.24367	275.75665	44.997913	315.13318	216.16727	-566.0076	29.121094	-497.4234	-603.5923	1000.0	1000.0	25000	74.50511	11.597109	104.06957	35.7276	-77.55596	0.8912771	333.2504622936249
6	-87.06181	5.764477	-79.998055	-96.61813	251.05637	171.60185	583.023	94.52505	-672.6226	39.163807	-600.6442	-753.4874	1000.0	1000.0	30000	96.76159	10.904311	124.65587	55.962444	-100.13091	0.996657	423.87066435813904
7	-78.232124	6.9255867	-73.6287	-92.02402	466.72403	87.25805	599.4374	367.88666	-276.80878	163.63351	97.607285	-538.2754	1000.0	1000.0	35000	120.47777	10.886179	151.59987	78.361565	-124.39926	1.2175133	514.3232147693634
8	-88.83613	3.6140344	-83.874565	-94.42348	485.67178	127.299324	662.28986	309.0905	147.71925	260.50104	575.43427	-181.04118	1000.0	1000.0	40000	144.16182	11.270269	173.16527	100.86556	-148.05391	1.2408725	613.9078719615936
9	-84.78509	5.314825	-78.41617	-92.166336	616.81866	413.6517	1115.6034	74.75259	-369.37415	72.52478	-272.05048	-498.20743	1000.0	1000.0	45000	165.01271	11.063727	191.45831	117.29326	-169.11273	1.2723364	709.6504497528076
10	-91.355576	5.513772	-81.47601	-96.61493	186.73438	213.50746	612.41327	56.27761	-1092.89	267.08002	-382.75592	-1398.5878	1000.0	1000.0	50000	187.12102	8.56894	210.77249	140.91367	-191.65202	1.2837868	802.6585161685944
11	-96.57953	21.855263	-83.21983	-140.02913	753.1525	282.98322	1111.4662	293.71008	-290.24677	68.86056	-153.22192	-383.56125	1000.0	1000.0	55000	209.43333	7.546913	238.89056	180.58395	-214.48807	1.3703666	894.6547331809998
12	-112.95321	49.17132	-70.8549	-192.26996	1175.7386	123.601036	1363.1097	987.2513	-401.69574	251.17947	-21.141344	-911.43805	1000.0	1000.0	60000	233.67471	6.6511717	266.78867	204.91095	-238.53802	1.3032386	988.130170583725
13	-32.16151	119.41637	206.21172	-100.91771	779.11975	241.87178	1099.9916	557.6735	-438.7475	50.00285	-372.12793	-517.5324	1000.0	1000.0	65000	254.73318	7.534471	290.12424	222.43416	-259.99332	1.3577648	1078.8054549694061
14	-110.71616	18.46668	-96.04	-146.31412	529.8135	147.83607	778.8789	386.88995	-447.2184	167.23476	-89.46923	-661.6116	1000.0	1000.0	70000	284.32147	11.586385	323.2837	247.0101	-291.24808	1.5749043	1174.639689207077
15	-87.59477	16.067583	-70.77898	-109.7712	841.0731	190.23758	1075.0377	666.2504	-336.74136	308.3756	-15.597781	-1027.0782	1000.0	1000.0	75000	325.57306	12.654	364.56006	287.38007	-333.5285	2.0492852	1271.125287771225
16	-94.76329	2.3148077	-91.05965	-97.72414	175.26236	51.22151	248.68954	87.887375	-277.37003	185.65099	13.763476	-603.529	1000.0	1000.0	80000	363.94736	10.232126	402.86542	326.37622	-371.73236	2.085736	1364.93328499794
17	-100.33998	0.9566268	-99.08402	-101.7828	31.61793	18.001137	64.13777	9.214793	-395.4691	135.15788	-239.79874	-656.4495	1000.0	1000.0	85000	403.97812	14.603612	450.9887	367.18863	-413.72076	2.5248544	1459.1439836025238
18	-99.81364	0.78886765	-99.05778	-100.99518	6.470114	1.5692736	8.611994	4.351833	-424.91342	256.6083	-87.5604	-843.3943	1000.0	1000.0	90000	466.53235	21.792328	525.43964	414.74203	-479.32016	3.4670093	1552.922485589981
19	-98.17098	0.20060089	-97.96744	-98.522644	15.30485	8.762425	29.942453	4.93851	-414.47372	190.91624	-15.838794	-599.90344	1000.0	1000.0	95000	547.8975	26.474638	613.6688	471.32388	-563.1392	4.354075	1648.2268903255463
20	-98.405685	1.4997602	-96.25631	-100.8811	39.340202	28.927536	95.40077	13.44496	-426.7329	97.86623	-264.48892	-550.25745	1000.0	1000.0	100000	640.83246	27.191805	706.93243	564.59503	-657.6423	5.29615	1742.5386564731598
21	-91.073875	5.457196	-83.201256	-99.20229	258.049	153.99687	479.11658	53.324898	-381.51697	188.30371	-59.959034	-630.80853	1000.0	1000.0	105000	733.3127	26.389925	807.9416	668.3589	-751.0022	5.779449	1837.038296699524
22	-97.01961	3.2388933	-91.76429	-100.5108	233.90149	102.98989	428.00763	120.10294	-589.10095	111.48438	-412.41177	-834.8547	1000.0	1000.0	110000	813.98737	20.899485	895.55817	762.18274	-830.79486	5.219767	1934.006466627121
23	-97.90769	1.8244567	-95.95338	-100.2594	279.98508	12.784599	294.2277	260.57288	-474.16635	123.62539	-279.8613	-608.586	1000.0	1000.0	115000	886.6317	23.125816	985.7509	836.0275	-904.2334	5.016284	2027.861802816391
24	-100.81976	0.4291518	-100.292595	-101.58515	303.31274	13.791879	322.27023	280.45007	-965.6769	362.2916	-550.7014	-1649.0902	1000.0	1000.0	120000	954.1972	19.774723	1081.8225	909.029	-971.1204	4.7664657	2122.1894376277924
