Epoch	AverageEpRet	StdEpRet	MaxEpRet	MinEpRet	AverageTestEpRet	StdTestEpRet	MaxTestEpRet	MinTestEpRet	EpLen	TestEpLen	TotalEnvInteracts	AverageQVals	StdQVals	MaxQVals	MinQVals	LossPi	LossQ	Time
1	-303.30807	54.37299	-244.4558	-403.38477	-431.28378	26.035994	-369.9966	-465.16757	1000.0	1000.0	5000	2.661863	2.7765808	17.478586	-4.980731	-3.6123695	0.4726624	41.134763956069946
2	-261.71103	65.49963	-170.23593	-358.85974	-538.0856	44.859283	-462.08755	-605.58514	1000.0	1000.0	10000	14.503823	5.635742	35.476036	-1.6771028	-16.319334	2.2135317	80.73088097572327
3	-616.4133	90.13702	-520.9898	-786.26447	-604.49866	24.800278	-567.6547	-651.6942	1000.0	1000.0	15000	27.315735	4.946097	43.86529	5.866027	-28.454212	4.0735674	124.9691162109375
4	40.02878	383.7337	560.39307	-610.10944	-54.76873	155.09161	209.78111	-325.92462	1000.0	1000.0	20000	26.681826	4.826293	48.83499	9.616154	-27.059393	3.3828228	168.7122459411621
5	517.9765	312.96628	912.75665	47.574886	659.7626	248.88945	1133.7018	280.85364	1000.0	1000.0	25000	28.352968	6.887293	68.6957	5.6579723	-28.927643	4.5005507	216.63414192199707
6	53.96687	431.6087	419.4595	-535.5952	674.20764	209.7413	1103.1923	341.3601	1000.0	1000.0	30000	31.395138	10.275437	84.071686	-14.247411	-32.027462	6.956504	260.7191731929779
7	771.2463	318.58777	1094.5681	272.50894	953.2873	113.06229	1129.2534	766.7053	1000.0	1000.0	35000	34.724384	13.688744	100.44964	-7.703216	-35.283825	9.604412	305.61773204803467
8	301.96063	740.43835	1202.584	-639.2732	-404.32086	154.31688	-169.91277	-627.0904	1000.0	1000.0	40000	39.91861	17.782612	111.19249	-90.914566	-40.87557	15.074101	350.16371297836304
9	-117.794716	346.84775	197.37599	-712.6981	1109.4592	752.7961	1843.5137	-483.412	1000.0	1000.0	45000	44.28779	19.94104	119.374275	-38.607517	-44.9747	15.024316	396.32486295700073
10	1015.7108	825.2378	1897.3417	-111.385155	1309.153	412.4886	1936.2898	552.5663	1000.0	1000.0	50000	51.166008	24.236555	127.645096	-21.65484	-52.134224	17.514769	442.00468397140503
11	290.2016	871.307	1338.7903	-703.81366	900.11005	668.92633	1832.9231	-10.252361	1000.0	1000.0	55000	57.63193	29.873396	145.61346	-58.416164	-58.541374	20.1711	489.2506082057953
12	1105.2864	891.58124	1824.909	-569.0739	859.46326	784.6709	1824.8298	-284.95856	1000.0	1000.0	60000	64.16775	35.72606	153.9657	-56.868534	-65.014656	24.467155	535.8934330940247
13	863.817	757.12573	1546.0178	-441.52744	454.60147	733.26874	1822.8385	-591.37115	1000.0	1000.0	65000	69.60606	40.846874	163.03537	-86.29201	-70.30308	26.834068	583.2115080356598
14	315.68253	553.67865	1105.6282	-543.14075	198.84056	741.66504	1576.7491	-596.5729	1000.0	1000.0	70000	71.98238	46.812565	173.16263	-93.98731	-72.738235	29.884493	629.9545788764954
15	1307.0096	664.10254	1792.901	-5.2900696	1337.2229	624.30817	1771.4015	-483.62973	1000.0	1000.0	75000	75.306305	49.918293	175.26787	-80.83725	-75.89168	33.473804	676.9280281066895
16	1673.0547	165.95386	1969.4019	1519.0459	1470.9917	577.32416	1742.7874	-251.26862	1000.0	1000.0	80000	81.38329	51.74576	177.41484	-72.693855	-82.10894	34.656223	720.6939630508423
17	1326.0139	468.17603	2052.8413	846.96	637.7058	958.41473	1755.3148	-417.186	1000.0	1000.0	85000	86.825485	54.283546	193.54764	-118.22741	-87.572815	36.9289	765.3405430316925
18	1226.3645	720.3152	1808.3373	-188.17177	1274.5155	816.90344	1859.8202	-464.37625	1000.0	1000.0	90000	90.52404	56.800533	198.74301	-103.318275	-91.07293	39.37536	809.9656660556793
19	1553.9265	460.8298	1887.9741	649.46344	587.6758	881.36646	1688.8073	-632.41095	1000.0	1000.0	95000	95.65779	59.31199	201.63191	-173.78633	-96.38749	46.4974	855.9972999095917
20	1657.7334	190.32368	1867.7089	1355.2454	1436.1552	508.00565	2190.5713	663.6832	1000.0	1000.0	100000	99.787605	61.135445	201.05971	-95.650505	-100.41635	46.458977	899.5173659324646
21	1703.6266	223.18027	1933.6914	1305.6696	1498.3591	459.2484	1950.8416	483.76593	1000.0	1000.0	105000	103.57984	61.80586	205.01242	-95.66843	-104.31361	48.141037	944.8019480705261
22	1111.5808	913.711	1998.7195	-509.41812	1636.2351	662.1448	2184.552	-243.15671	1000.0	1000.0	110000	107.762955	62.950928	210.6946	-79.96377	-108.22315	51.87154	989.7358629703522
23	1071.277	980.497	1906.8738	-589.86914	991.0746	931.3405	1989.7592	-540.63513	1000.0	1000.0	115000	109.961105	65.79616	218.32516	-112.27972	-110.5586	50.17009	1038.2430679798126
24	1354.6162	782.6472	1987.1566	-165.36444	1409.7825	337.6084	1855.9309	758.83154	1000.0	1000.0	120000	110.73889	67.35544	212.37	-102.137856	-110.8755	49.451492	1083.2895300388336
25	1790.2205	228.32068	2043.6224	1373.0713	1665.6433	520.0431	2321.4587	367.4763	1000.0	1000.0	125000	113.49312	68.02388	219.09521	-140.52121	-114.02867	55.53137	1134.014433145523
26	1876.9059	371.90762	2378.2515	1326.1259	1326.6663	856.15436	2133.3494	-367.14706	1000.0	1000.0	130000	117.09326	68.803986	219.04437	-119.834045	-117.6682	56.969296	1179.826581954956
27	1667.4664	878.3457	2254.5752	-45.610306	1587.2035	633.8665	2201.998	329.2536	1000.0	1000.0	135000	119.65773	69.14163	219.57748	-93.345406	-120.13939	56.9187	1230.1960010528564
28	1696.0723	536.5512	2291.2815	720.8615	1054.0701	1087.5359	2200.5667	-518.489	1000.0	1000.0	140000	121.98294	69.92124	229.29527	-106.369865	-122.46375	61.265236	1282.4636359214783
29	919.9172	960.0747	2004.8866	-449.00296	2021.9094	183.61395	2282.296	1708.1774	1000.0	1000.0	145000	124.264	71.57298	232.43677	-100.45591	-124.930176	61.512924	1333.1843140125275
30	1376.0125	686.41846	2259.8464	230.78189	512.972	739.6556	1693.5347	-694.6163	1000.0	1000.0	150000	125.0672	72.91426	235.83122	-114.96778	-125.53185	57.797707	1381.006464958191
31	1041.2869	881.7371	2112.265	-399.39618	1325.406	842.5495	1953.9653	-390.88562	1000.0	1000.0	155000	126.25411	73.47161	236.48189	-106.43703	-126.6527	63.74855	1425.0629181861877
