Epoch	AverageEpRet	StdEpRet	MaxEpRet	MinEpRet	AverageTestEpRet	StdTestEpRet	MaxTestEpRet	MinTestEpRet	EpLen	TestEpLen	TotalEnvInteracts	AverageQVals	StdQVals	MaxQVals	MinQVals	LossPi	LossQ	Time
1	-300.3053	49.303986	-246.17694	-387.4339	-595.7685	0.9174918	-593.9791	-597.3286	1000.0	1000.0	5000	13.713375	11.696678	51.28627	-3.46876	-15.80348	0.5953612	21.121220111846924
2	-291.57355	68.32383	-191.80629	-399.64886	-593.3842	1.3151878	-591.15283	-595.2843	1000.0	1000.0	10000	72.12903	17.685513	109.887146	23.251911	-75.51028	1.947634	40.771713972091675
3	-525.09424	171.32661	-250.56174	-790.85	-575.1023	92.78862	-411.37158	-782.8418	1000.0	1000.0	15000	99.24686	5.9666605	126.32127	77.57285	-101.222916	1.8685789	69.0541501045227
4	-302.81363	330.99646	65.77488	-705.8023	-39.650993	76.06724	41.287025	-194.48557	1000.0	1000.0	20000	110.26633	9.178861	140.389	86.44776	-111.91344	2.2420497	98.08346486091614
5	-114.78883	194.99763	158.7565	-381.01947	156.94249	123.89382	344.8838	-123.45014	1000.0	1000.0	25000	105.581314	12.72854	146.45482	77.09434	-106.68779	2.2256832	121.37245893478394
6	418.68378	251.69775	762.5979	106.739746	714.2312	329.41544	1261.9198	333.8958	1000.0	1000.0	30000	98.87415	14.342574	141.29721	69.06127	-99.85033	2.2011597	145.5323839187622
7	635.99255	528.4304	1685.6989	297.9322	1683.3367	408.1588	2119.2705	543.31213	1000.0	1000.0	35000	95.45059	17.910511	152.5551	64.867935	-96.519264	2.6906614	176.75199818611145
8	1526.1746	629.22925	2273.491	420.2649	624.9902	350.70804	1345.16	206.72498	1000.0	1000.0	40000	101.60305	26.265398	185.73912	62.94288	-102.8121	3.7353325	202.05503606796265
9	1054.6692	875.3077	2592.4397	-35.86624	1118.9382	469.2244	1915.543	591.2059	1000.0	1000.0	45000	111.49716	36.013435	208.44754	61.782047	-112.809326	5.1967416	231.19010710716248
10	2313.967	94.74413	2462.2476	2188.8901	2396.5835	144.02179	2735.3164	2156.3296	1000.0	1000.0	50000	126.4075	46.585052	234.46974	58.69659	-127.7918	6.90045	258.7170240879059
11	2623.8784	204.75348	2837.6912	2362.9404	2146.609	1115.9802	3087.2632	90.98204	1000.0	1000.0	55000	146.4414	55.866154	258.41397	57.61743	-147.9467	7.9516797	285.764995098114
12	2230.9587	921.91504	2910.3274	442.03467	1953.3802	1047.8453	2953.4343	62.274464	1000.0	1000.0	60000	167.29651	62.363636	283.29126	60.384953	-168.86845	9.067799	308.1050019264221
13	1937.114	1113.7748	3194.5742	349.13132	2915.4758	358.40912	3280.4866	1938.8525	1000.0	1000.0	65000	183.87108	68.95363	302.99496	65.20793	-185.41666	10.7588625	329.4835629463196
14	2890.027	421.82037	3195.1187	2055.468	2805.7524	993.1523	3393.119	580.8531	1000.0	1000.0	70000	202.10121	75.65339	324.91397	62.402008	-203.69678	12.170148	351.6166150569916
15	3048.188	272.08954	3433.3403	2744.6113	3162.0112	832.1278	3793.8386	1077.8374	1000.0	1000.0	75000	220.13614	80.91749	345.83734	58.898933	-221.76538	13.500719	373.6797580718994
16	3175.593	700.2053	3816.8628	1810.9274	2772.9375	1107.9174	3509.8867	278.3878	1000.0	1000.0	80000	238.49068	84.556175	362.30338	62.397743	-240.14145	13.702942	398.61043405532837
17	2938.516	1176.6364	3815.505	640.7479	2879.7524	833.8057	3988.489	1289.7413	1000.0	1000.0	85000	252.19223	88.796326	377.05136	59.605103	-253.79555	14.422685	422.75189900398254
18	2941.397	1067.5546	3690.345	818.8481	3667.7485	135.0496	3901.9673	3382.588	1000.0	1000.0	90000	266.96417	92.75361	392.359	58.787285	-268.58533	14.994909	446.8788158893585
19	3762.2466	165.66284	4004.8635	3484.4617	4007.7566	86.21693	4113.3315	3868.228	1000.0	1000.0	95000	281.87802	95.511925	408.6512	60.54589	-283.55005	15.462575	469.43353486061096
20	3806.4578	233.37035	4021.4727	3445.563	3395.855	906.53876	4040.0276	848.4284	1000.0	1000.0	100000	296.9551	97.29199	421.85626	63.76748	-298.64938	15.296743	491.6634039878845
21	3438.1973	1104.1545	4202.4365	1243.0953	2714.8677	1246.0276	3795.9998	194.77293	1000.0	1000.0	105000	309.51587	98.91275	431.91626	72.43989	-311.20786	15.437466	516.7943260669708
22	3709.716	190.4062	4018.687	3434.9282	3468.3464	185.95918	3788.6592	3081.0034	1000.0	1000.0	110000	322.63947	99.39975	443.76666	77.35905	-324.3294	15.384181	539.6964399814606
23	3674.8125	547.36096	4098.4434	2610.4475	4224.054	118.97764	4368.2686	3982.899	1000.0	1000.0	115000	333.7794	99.41329	454.97162	84.54171	-335.43274	16.130907	562.0145890712738
24	3944.6362	71.41259	4007.1726	3809.142	4280.542	108.7728	4390.92	4076.605	1000.0	1000.0	120000	344.1856	99.932	460.8822	94.09298	-345.828	15.670691	584.8450009822845
25	4044.14	225.39107	4270.0137	3620.5393	4412.8345	104.72758	4543.7993	4239.796	1000.0	1000.0	125000	353.3362	100.81095	471.12183	95.07031	-354.95346	15.690625	607.8075850009918
26	4047.9941	178.65123	4298.1675	3870.865	4271.399	132.80312	4462.827	3971.9827	1000.0	1000.0	130000	362.06104	101.230156	479.58548	98.23295	-363.66666	16.070593	629.5864601135254
27	4032.147	119.87518	4183.1104	3846.6448	4198.1035	110.570305	4416.0664	4066.3228	1000.0	1000.0	135000	370.35815	101.64811	484.43024	100.98373	-371.98453	15.482459	653.086501121521
28	4102.353	180.38403	4383.543	3898.5745	4484.6895	127.58854	4624.399	4277.8477	1000.0	1000.0	140000	378.13565	101.28074	489.6633	104.47038	-379.7501	15.428388	680.2687599658966
29	4229.981	204.18459	4508.267	3927.586	4522.396	96.93047	4643.2817	4355.931	1000.0	1000.0	145000	385.89978	100.35834	496.60876	113.096306	-387.49606	15.219625	707.1139602661133
30	4181.282	112.13532	4308.737	3995.1482	4226.145	111.48235	4407.4136	4044.9978	1000.0	1000.0	150000	392.0971	100.4539	500.53888	119.28665	-393.66318	15.092506	735.6624920368195
31	4203.8447	137.32811	4416.8193	4034.0798	4222.226	222.04828	4535.2866	3733.3823	1000.0	1000.0	155000	398.63257	99.98423	504.7493	122.15522	-400.21176	14.886531	757.3842670917511
32	4272.5923	154.93015	4424.2046	4055.7178	4612.178	125.97426	4807.7363	4404.8623	1000.0	1000.0	160000	404.5806	99.51172	508.51984	126.49449	-406.12695	14.778884	780.2122530937195
33	4412.7495	154.45175	4620.199	4220.3916	4406.446	265.7756	4741.2524	3750.4912	1000.0	1000.0	165000	410.27466	99.061386	512.88245	131.09496	-411.8144	14.554866	804.5790040493011
34	4143.284	413.1992	4519.363	3349.609	4709.637	166.1506	4918.7065	4306.1226	1000.0	1000.0	170000	415.33057	98.53141	516.80383	135.11101	-416.8617	14.333044	827.0940790176392
35	4531.6577	115.45455	4726.9033	4423.434	4661.397	71.62058	4807.5923	4562.1685	1000.0	1000.0	175000	419.74496	98.471634	519.1158	138.26697	-421.24524	14.333022	850.0917320251465
36	4385.948	126.13181	4540.2705	4178.423	4656.3076	135.80519	4854.1577	4381.519	1000.0	1000.0	180000	424.07913	98.75031	527.91455	130.85805	-425.5752	14.24085	872.4007711410522
37	4531.9917	155.66791	4776.2188	4293.1494	4759.838	140.77321	4929.4614	4383.83	1000.0	1000.0	185000	428.4363	98.827156	534.67737	124.2603	-429.9321	14.441708	900.4168970584869
38	4436.969	229.0477	4823.0425	4201.5684	4520.5635	159.8654	4702.867	4174.418	1000.0	1000.0	190000	432.7996	98.65134	535.73126	131.4273	-434.3023	14.348139	924.9410190582275
39	3605.573	1641.7189	4582.18	333.01517	4683.452	65.77124	4773.5044	4580.646	1000.0	1000.0	195000	435.9471	99.612915	537.6559	135.73228	-437.4337	14.448612	951.1727831363678
40	4560.2607	80.716644	4674.973	4451.6665	4672.989	74.41277	4791.9995	4592.3037	1000.0	1000.0	200000	439.2962	101.04147	539.1709	130.11201	-440.7535	14.465481	975.3548221588135
41	4720.7397	122.47443	4827.8667	4539.287	4872.745	187.48164	5083.4395	4383.2573	1000.0	1000.0	205000	442.59662	101.79795	542.19116	123.932045	-444.0405	13.845919	998.1505310535431
42	4655.88	56.922066	4744.138	4565.2476	4701.666	167.21509	5099.7363	4467.263	1000.0	1000.0	210000	446.05853	102.84608	546.3072	116.437225	-447.5114	14.181242	1021.1169390678406
43	4469.31	136.07846	4634.8384	4281.4414	4227.019	243.96588	4473.0684	3757.181	1000.0	1000.0	215000	449.23077	103.33748	547.20734	116.81628	-450.6711	14.008843	1049.7923429012299
44	4484.7065	119.97816	4658.4604	4287.1597	4646.2915	151.49068	4837.803	4291.033	1000.0	1000.0	220000	452.68307	102.96371	548.2087	111.82902	-454.13016	13.908015	1071.8690931797028
45	4656.452	134.15056	4868.6445	4490.6772	4669.0195	75.82681	4751.2734	4515.0083	1000.0	1000.0	225000	455.61984	102.80179	549.9188	118.43615	-457.054	13.725725	1095.7848501205444
46	4664.7817	167.64844	4895.638	4441.2734	4820.464	85.471504	4952.296	4632.805	1000.0	1000.0	230000	458.5194	102.5317	553.5404	109.05825	-459.9358	13.579233	1118.6290888786316
47	4682.577	125.77055	4854.6465	4487.782	4597.767	113.49425	4793.6016	4468.0146	1000.0	1000.0	235000	461.31747	102.55771	556.82587	114.71245	-462.73184	13.178928	1141.9425630569458
48	4739.9004	62.321503	4810.4707	4633.7324	5005.0312	136.76575	5258.2456	4714.5435	1000.0	1000.0	240000	463.97693	102.46129	556.23566	114.03472	-465.3853	13.491654	1165.3827681541443
49	4681.384	173.33237	4883.918	4435.5044	4961.0747	120.788246	5091.1514	4673.8955	1000.0	1000.0	245000	467.12576	101.42179	559.0122	108.098625	-468.5368	13.336475	1187.2896130084991
50	4829.5596	170.07986	5109.004	4589.8105	4781.347	216.97475	5041.4287	4242.1772	1000.0	1000.0	250000	469.7137	101.40883	561.7995	108.04879	-471.12305	13.209439	1210.4963319301605
51	4662.0923	190.38712	4914.925	4337.51	4918.1187	66.217476	5031.842	4808.3687	1000.0	1000.0	255000	472.55365	100.66582	562.8807	119.63794	-473.94806	12.886658	1236.1163382530212
52	4766.3594	105.47249	4970.679	4667.9795	5032.1055	160.52707	5280.934	4682.6387	1000.0	1000.0	260000	475.16574	100.45768	567.2612	104.52971	-476.5489	13.117293	1259.4838089942932
53	4790.442	188.47224	5006.346	4446.5337	5086.69	110.11305	5269.87	4870.999	1000.0	1000.0	265000	477.6967	100.196884	565.07904	117.923515	-479.0895	12.790917	1282.8977310657501
54	4943.876	117.213326	5096.978	4809.009	5037.876	128.6732	5355.467	4866.258	1000.0	1000.0	270000	480.2615	100.17728	565.6117	114.14905	-481.62204	12.712854	1305.0627019405365
55	4956.531	137.34586	5123.3716	4728.514	5166.4155	60.4569	5290.803	5070.946	1000.0	1000.0	275000	482.59885	100.21085	567.67487	112.60832	-483.9723	12.861828	1328.4179339408875
56	4938.7925	158.62943	5116.505	4712.276	4971.7046	157.4678	5217.1763	4629.803	1000.0	1000.0	280000	485.4992	100.27601	570.8774	118.98575	-486.896	12.754586	1356.600683927536
57	4677.659	235.29356	4993.8257	4390.894	5255.0195	78.09651	5385.8774	5134.133	1000.0	1000.0	285000	488.70276	99.88376	571.6353	106.41871	-490.0901	12.72552	1379.533045053482
58	4943.9326	129.77238	5161.716	4820.742	4741.1196	1077.4042	5241.4487	1529.3171	1000.0	1000.0	290000	491.33264	99.60252	576.6054	119.92429	-492.7252	12.778564	1403.145015001297
59	4980.405	36.10997	5012.6294	4912.292	5225.895	80.46567	5320.946	5085.5503	1000.0	1000.0	295000	494.11096	99.16956	578.5716	118.90498	-495.49606	12.690764	1425.3211061954498
60	5003.045	155.1019	5234.2163	4826.6567	5225.184	70.68581	5317.6064	5078.07	1000.0	1000.0	300000	496.59967	98.731514	578.79675	127.81718	-497.9956	12.886384	1448.7916400432587
61	5119.996	128.29765	5238.114	4921.725	5478.5923	74.878914	5568.866	5355.791	1000.0	1000.0	305000	499.3509	99.01589	581.0125	129.63335	-500.7503	12.917269	1471.766674041748
62	5238.189	81.703766	5351.706	5132.985	4914.1304	971.9837	5366.518	2005.4688	1000.0	1000.0	310000	502.4313	98.50389	587.7601	123.92065	-503.8483	12.780202	1494.5196540355682
63	5126.291	206.76656	5384.4277	4799.354	5319.6885	76.915596	5490.8	5235.7183	1000.0	1000.0	315000	505.72687	98.46251	593.01495	125.37022	-507.15085	12.694872	1519.6472990512848
64	4471.8335	1390.0585	5273.6616	1698.4725	4796.75	1265.2554	5559.692	1374.6721	1000.0	1000.0	320000	508.44666	99.31378	593.9054	120.068214	-509.874	12.867535	1545.894257068634
65	5119.3286	124.011665	5313.6655	4931.64	5513.7383	51.06193	5596.089	5449.3647	1000.0	1000.0	325000	511.18835	100.074486	597.792	121.421135	-512.6238	13.12295	1569.4836950302124
66	5252.035	116.78858	5346.403	5035.8467	2405.94	1680.7742	5280.4854	84.360176	1000.0	1000.0	330000	514.262	100.57524	600.7056	113.98613	-515.7031	13.052435	1592.4185841083527
67	5308.5664	69.553986	5394.6245	5183.7437	4939.854	817.4327	5397.0737	2909.6804	1000.0	1000.0	335000	517.3878	100.91675	605.20264	109.52264	-518.83435	13.197584	1617.9347612857819
68	5024.862	489.96893	5373.125	4080.436	4397.045	1438.0582	5644.6865	1185.1459	1000.0	1000.0	340000	520.5221	101.57995	604.9061	106.33585	-521.9846	13.204183	1641.9996888637543
69	5302.325	96.719925	5407.5015	5172.634	4859.9307	1622.779	5534.4775	-2.6559138	1000.0	1000.0	345000	523.33716	102.26712	608.26996	100.660675	-524.787	12.983999	1669.1789770126343
70	5384.4463	55.525284	5448.1816	5285.234	3458.1099	1856.9152	5513.234	432.73853	1000.0	1000.0	350000	526.3401	102.629456	610.40753	110.170044	-527.7918	13.170832	1693.1828861236572
71	5214.577	106.20619	5353.7656	5071.4297	3794.2593	1845.5527	5793.824	387.1876	1000.0	1000.0	355000	529.2116	102.44825	614.2581	95.15997	-530.66595	13.213121	1716.340187072754
72	4552.3174	1631.159	5503.118	1293.104	4425.2065	1873.464	5720.0854	613.6667	1000.0	1000.0	360000	531.1208	103.67973	615.86224	81.276886	-532.5762	13.637962	1740.6152832508087
73	4469.106	1699.8354	5475.3066	1087.1913	4513.6514	1371.5625	5781.492	1257.9121	1000.0	1000.0	365000	533.8076	103.99827	617.19214	91.017456	-535.28406	14.139861	1764.7271709442139
74	5454.319	147.46104	5689.114	5268.0894	5473.181	82.48012	5610.297	5318.803	1000.0	1000.0	370000	535.39935	106.21637	621.67224	89.5992	-536.8715	14.421207	1787.9382801055908
75	5406.5693	84.327095	5483.0786	5268.0493	5514.5015	150.43263	5769.9746	5254.683	1000.0	1000.0	375000	537.6895	108.013466	624.3674	78.66953	-539.174	14.500896	1815.5671410560608
76	4800.062	1401.9236	5671.2505	2021.6498	4566.205	1967.9038	5844.985	374.63773	1000.0	1000.0	380000	540.3641	108.69208	629.0485	70.957924	-541.83844	14.363773	1838.3573970794678
77	5545.353	100.694984	5676.7163	5369.875	5231.281	1369.8971	5838.7437	1149.1593	1000.0	1000.0	385000	542.4465	109.970825	633.17163	57.46483	-543.9649	15.113382	1860.83687210083
78	5514.8174	128.51712	5707.2373	5316.367	5245.431	1242.0642	5874.393	1787.1431	1000.0	1000.0	390000	546.68665	109.9034	638.4013	55.625294	-548.2701	15.039903	1883.9426381587982
79	5647.359	233.76512	5944.5522	5252.284	5409.884	1310.804	6052.014	1500.039	1000.0	1000.0	395000	551.40436	109.90654	641.4804	52.086193	-553.0097	15.355653	1910.1407248973846
80	5806.783	165.56482	6001.7656	5582.4243	5733.875	97.52874	5879.964	5584.6943	1000.0	1000.0	400000	555.5378	110.2466	649.6891	75.907715	-557.1746	15.119838	1934.1406490802765
81	5534.143	100.458626	5665.659	5401.805	5457.248	1026.6982	6107.437	2418.5261	1000.0	1000.0	405000	560.15717	110.17387	655.71423	63.21027	-561.8015	15.121584	1957.0995559692383
82	4876.019	1226.6616	5916.4907	2802.149	4176.542	2107.4897	5780.94	96.73719	1000.0	1000.0	410000	564.0867	110.05584	658.52344	52.584785	-565.7208	15.275486	1980.35782289505
83	5581.589	160.89232	5781.345	5386.919	5885.5024	146.30037	6158.778	5673.8945	1000.0	1000.0	415000	566.64154	111.89353	663.48975	60.111946	-568.2894	15.790228	2004.1969320774078
84	5764.328	134.83281	5930.187	5610.344	5975.177	65.499214	6056.237	5855.759	1000.0	1000.0	420000	570.2425	112.49113	664.95667	52.844906	-571.90314	15.928709	2027.2796552181244
85	5724.2944	104.523346	5830.6675	5547.133	5618.8574	986.53705	6234.541	2723.4321	1000.0	1000.0	425000	573.53625	113.16261	667.0209	64.327255	-575.1916	15.7866535	2052.9588091373444
86	5790.7837	282.34048	6059.6416	5302.2295	5564.818	1458.066	6237.7744	1206.975	1000.0	1000.0	430000	576.7209	112.987114	671.3018	40.680515	-578.3728	15.5793295	2080.5182802677155
87	5704.9126	166.92123	5980.9434	5503.609	5846.906	76.099174	5988.609	5690.4727	1000.0	1000.0	435000	579.6904	113.34515	674.3614	42.844624	-581.3635	16.146696	2103.3026139736176
88	5677.9814	189.1645	5878.165	5369.119	5225.4854	1506.0881	5946.168	787.40594	1000.0	1000.0	440000	582.47797	112.85984	675.678	39.44282	-584.1513	15.890978	2126.79984998703
89	5773.5615	123.06142	5892.776	5572.1113	5946.714	110.81583	6125.5674	5764.235	1000.0	1000.0	445000	584.7281	112.50073	678.5279	48.56608	-586.3702	15.576311	2148.726354122162
90	5862.1655	93.04011	6001.0796	5722.643	5822.975	63.897392	5911.205	5691.924	1000.0	1000.0	450000	587.03217	112.671814	679.23456	48.92099	-588.7019	15.759807	2171.7733891010284
91	5741.7783	91.24387	5919.866	5667.9126	5953.769	123.91056	6187.564	5821.1094	1000.0	1000.0	455000	589.006	113.43999	682.6255	52.292053	-590.6639	15.7465	2194.7305750846863
92	4907.151	1786.7073	5877.7495	1335.4855	5812.079	806.0362	6257.476	3421.2544	1000.0	1000.0	460000	590.9957	112.40684	682.74426	45.92965	-592.6417	15.49553	2216.419198989868
93	5880.595	119.452736	6002.4863	5652.974	6095.1514	121.74835	6298.5835	5871.013	1000.0	1000.0	465000	592.4796	113.12741	685.05756	32.51606	-594.147	15.401362	2239.9899230003357
94	5891.018	163.23079	6180.7847	5720.6543	5921.102	31.539366	5966.715	5853.268	1000.0	1000.0	470000	594.1541	114.014656	684.70026	25.508537	-595.79865	16.067966	2262.3694970607758
95	5936.206	74.35153	6045.626	5847.848	5938.962	490.83963	6338.959	4635.876	1000.0	1000.0	475000	595.6746	114.39152	686.54755	23.26896	-597.3329	15.979015	2286.418333053589
96	5792.3604	167.92398	6021.5464	5516.197	6175.6704	85.473114	6284.9023	5979.6484	1000.0	1000.0	480000	597.67096	114.35387	688.5115	20.029514	-599.31415	15.56264	2311.6011340618134
97	5928.1836	158.62498	6164.6787	5745.5527	6006.003	78.99684	6113.4106	5834.171	1000.0	1000.0	485000	599.3111	114.659874	691.24097	27.148418	-600.9625	15.781056	2334.3790702819824
98	5940.5757	64.862076	6024.357	5868.3906	6088.5615	83.52764	6238.4165	5928.3853	1000.0	1000.0	490000	601.10657	114.62093	695.12396	44.31461	-602.7249	15.60694	2359.097123146057
99	6065.3467	123.10046	6284.152	5920.8433	5910.279	488.71793	6225.8145	4468.619	1000.0	1000.0	495000	602.17584	114.89186	695.7643	18.468172	-603.79987	15.697	2383.47101521492
