Epoch	AverageEpRet	StdEpRet	MaxEpRet	MinEpRet	AverageTestEpRet	StdTestEpRet	MaxTestEpRet	MinTestEpRet	EpLen	TestEpLen	TotalEnvInteracts	AverageQ1Vals	StdQ1Vals	MaxQ1Vals	MinQ1Vals	AverageQ2Vals	StdQ2Vals	MaxQ2Vals	MinQ2Vals	LossPi	LossQ	Time
1	-300.47766	103.162895	-221.70827	-479.51175	-625.72095	50.125786	-587.58624	-748.21405	1000.0	1000.0	5000	0.5956748	2.567558	14.764572	-11.201897	0.5956812	2.5695777	14.731764	-10.589114	-1.6964662	0.45095703	47.1215660572052
2	-273.2067	50.569855	-216.1988	-364.56235	-531.34717	43.57287	-467.35883	-633.14154	1000.0	1000.0	10000	8.332582	5.1132116	29.69566	-9.874949	8.332647	5.1148667	29.400633	-9.828358	-10.383752	1.1397874	91.98531913757324
3	-368.5209	389.30316	404.36072	-624.12445	-362.0394	278.21432	180.32	-686.7348	1000.0	1000.0	15000	14.680758	8.967416	49.631283	-7.5833645	14.681879	8.967744	49.58289	-7.268281	-16.376347	2.4462457	140.03009915351868
4	-33.385704	569.9228	670.0005	-737.0419	468.6852	681.0832	1890.8007	-313.61493	1000.0	1000.0	20000	16.110685	14.397375	70.021355	-11.64812	16.11121	14.397689	69.92022	-13.134168	-17.541409	2.5887272	187.58084797859192
5	2180.1882	185.59135	2420.1892	1929.5933	2562.3745	754.0322	2942.9053	316.5901	1000.0	1000.0	25000	26.843363	23.505701	97.034874	-13.761122	26.844244	23.505857	98.525505	-13.020345	-28.789263	4.127421	232.69285106658936
6	2909.2134	218.41818	3149.6719	2504.4592	3031.7134	1028.3777	3483.4927	-43.666893	1000.0	1000.0	30000	46.682938	32.830284	123.21714	-12.443063	46.683468	32.82982	123.550674	-11.814579	-48.962563	5.7105055	278.67797112464905
7	3287.3992	170.55022	3571.9446	3044.9429	3546.4048	92.92887	3712.8352	3363.124	1000.0	1000.0	35000	70.30527	40.471737	153.07507	-8.708488	70.30522	40.471485	153.32614	-9.60352	-72.83495	7.333757	323.8253049850464
8	2584.9368	1356.725	3766.6519	295.66214	3812.1895	212.02759	3968.1804	3199.714	1000.0	1000.0	40000	90.5088	48.94326	183.04639	-6.7627645	90.509384	48.942436	182.48024	-3.9370751	-92.86717	9.445295	367.32053399086
9	3777.271	138.02606	3981.9177	3591.4023	3659.5933	896.27704	4066.315	989.0401	1000.0	1000.0	45000	110.894325	58.228832	205.67863	-10.363111	110.89488	58.227127	206.11282	-10.661998	-113.03391	11.81291	413.82207918167114
10	3401.6333	869.49365	4074.3694	1683.5164	3287.0496	1626.6893	4678.1353	371.1728	1000.0	1000.0	50000	131.32773	66.18928	236.2457	-23.551826	131.3285	66.18783	241.73724	-23.80612	-133.8048	14.466527	463.1169340610504
11	2831.466	1327.9388	4422.572	520.417	3551.0403	1324.6846	4456.026	278.03232	1000.0	1000.0	55000	147.11188	75.76633	258.77603	-33.017517	147.11174	75.76422	257.08734	-32.832863	-149.47118	20.25629	511.68784499168396
12	4398.212	79.307465	4462.7686	4243.245	4497.667	33.301838	4553.07	4453.1147	1000.0	1000.0	60000	164.77635	83.89119	272.90668	-33.09224	164.77686	83.88973	275.69006	-32.226067	-167.13237	21.62375	560.1789500713348
13	4595.1777	208.04373	4979.166	4393.0977	4617.7603	57.87808	4724.2925	4489.603	1000.0	1000.0	65000	183.7016	89.43311	298.85355	-35.5097	183.70177	89.431076	299.85504	-31.784792	-186.1701	21.199553	607.3758041858673
14	4692.6533	136.60265	4853.4443	4504.5815	2248.2014	1704.1565	4307.473	-282.93887	1000.0	1000.0	70000	202.78899	93.6859	319.21738	-29.750446	202.78946	93.685104	320.11172	-31.007627	-205.55287	23.385096	653.9322590827942
15	4133.0767	1321.9304	4898.5757	1495.2046	5500.601	78.05056	5608.551	5397.1143	1000.0	1000.0	75000	218.22252	99.47167	341.83203	-36.928658	218.22252	99.47006	338.0991	-39.945812	-220.65546	27.721605	702.5277049541473
16	4955.933	228.94453	5280.2812	4618.818	5495.977	54.046608	5590.534	5400.802	1000.0	1000.0	80000	235.22253	103.473915	354.16254	-37.446964	235.22307	103.47194	354.60294	-36.155045	-237.87955	29.233725	752.8101391792297
17	5080.181	127.84105	5211.061	4856.8223	5321.747	92.718315	5505.9507	5210.2417	1000.0	1000.0	85000	251.97171	106.115486	370.05728	-45.61264	251.97209	106.11412	372.88495	-46.661102	-254.75485	31.692356	803.4216139316559
18	4861.6655	339.17056	5147.737	4273.623	5424.661	50.005657	5492.7705	5338.3945	1000.0	1000.0	90000	267.61325	107.65153	382.65598	-54.018166	267.6135	107.65045	383.3739	-54.19114	-270.1738	32.590076	853.3768439292908
19	5135.0615	235.37375	5525.7515	4884.6426	5646.6436	124.83294	5797.1577	5420.9614	1000.0	1000.0	95000	282.16174	109.06201	392.74515	-50.238503	282.16223	109.06078	394.2588	-37.991455	-284.71216	31.691788	902.5855131149292
20	5223.377	169.00644	5461.4395	5022.375	5318.3447	144.63528	5499.0903	4956.405	1000.0	1000.0	100000	295.89197	110.54193	404.93942	-32.66927	295.89236	110.54099	406.10205	-39.065453	-298.33435	32.45194	952.2033240795135
21	5054.322	291.6951	5331.6016	4535.0645	4927.6064	49.05479	4994.301	4841.4067	1000.0	1000.0	105000	308.50183	111.52427	415.53552	-56.002625	308.50214	111.52459	415.38626	-46.3077	-311.22586	31.473372	1002.6391451358795
22	5219.9487	257.58975	5535.2197	4827.481	5473.0127	280.2384	5648.4795	4644.0435	1000.0	1000.0	110000	320.43976	112.1524	425.519	-35.12597	320.43997	112.15096	425.5705	-47.367756	-322.915	30.58235	1052.2259080410004
23	5456.411	90.6243	5580.2856	5321.11	5671.214	191.26793	5995.1855	5371.6597	1000.0	1000.0	115000	331.23776	112.68588	433.12732	-41.125427	331.23798	112.68523	432.96317	-47.58329	-333.48233	30.047125	1100.9888679981232
24	5445.6846	115.55615	5650.016	5310.686	5690.5186	110.601685	5817.4487	5477.256	1000.0	1000.0	120000	341.61728	113.30074	440.74023	-42.30941	341.6175	113.30067	441.58765	-42.561176	-343.96686	28.682785	1149.1051559448242
25	5529.3623	103.29288	5704.7534	5430.3525	5708.361	113.45123	5859.651	5524.1265	1000.0	1000.0	125000	351.03763	113.93886	449.35278	-54.766552	351.03757	113.93869	450.29153	-54.973293	-353.5535	29.607574	1198.9056990146637
26	5391.0977	215.74643	5665.571	5019.9424	5894.5513	67.803734	5991.85	5764.6616	1000.0	1000.0	130000	359.96075	113.79062	458.8295	-50.721973	359.96124	113.789955	455.87228	-50.75002	-362.058	28.791212	1248.7922270298004
27	5417.3486	162.37334	5592.9487	5198.035	5998.747	64.4363	6125.434	5873.8237	1000.0	1000.0	135000	368.0501	114.552956	468.00824	-46.967087	368.05032	114.55292	469.03305	-55.837143	-370.20245	28.136816	1297.1982879638672
28	5391.3535	304.63504	5609.5884	4788.371	5993.2256	44.715122	6062.3027	5905.9336	1000.0	1000.0	140000	375.32623	115.44261	475.2962	-51.233234	375.32657	115.44169	472.40424	-55.40043	-377.66144	29.856398	1347.4926240444183
29	5559.565	271.76556	5826.8267	5059.1416	5706.3857	113.13535	5869.447	5512.338	1000.0	1000.0	145000	382.79843	115.19794	475.39093	-67.03391	382.7989	115.19762	476.66257	-66.47743	-385.33417	29.614471	1396.9488921165466
30	5547.8306	121.25112	5770.8877	5414.5137	5953.5	94.26056	6057.449	5692.527	1000.0	1000.0	150000	389.42487	114.966194	485.61752	-56.240192	389.42554	114.965576	480.9532	-54.941868	-391.72375	28.499662	1444.8118450641632
31	5671.4756	149.69081	5868.894	5414.794	5614.11	56.992188	5745.4556	5529.5938	1000.0	1000.0	155000	396.2143	114.396355	489.6215	-56.412945	396.21426	114.39505	489.06564	-38.84773	-398.1246	28.946863	1493.0273311138153
32	5634.0015	213.79123	5835.449	5228.42	6030.28	84.52903	6167.726	5894.362	1000.0	1000.0	160000	402.06403	114.51511	492.22928	-54.833263	402.06467	114.514755	494.39255	-55.109863	-404.3718	27.642406	1542.964802980423
33	5623.487	164.87363	5802.455	5335.0435	6098.59	75.74031	6262.5605	5975.183	1000.0	1000.0	165000	408.1287	114.312935	497.6426	-46.170937	408.1287	114.312584	496.26883	-47.71022	-410.5186	27.93543	1591.4601550102234
34	5836.7734	70.099045	5931.563	5728.167	6089.6914	112.48837	6267.257	5897.451	1000.0	1000.0	170000	413.52097	115.00113	503.8824	-52.844563	413.52127	115.00069	501.4377	-49.10983	-415.4583	27.160044	1642.8593270778656
35	5567.3174	250.49414	5906.279	5170.8228	6247.685	45.257236	6321.0073	6145.386	1000.0	1000.0	175000	419.06082	114.36455	506.45917	-63.211674	419.0612	114.36485	505.86014	-54.394287	-421.0677	27.222044	1694.172592163086
36	5920.0273	80.65594	6019.529	5787.045	6325.264	90.83067	6477.831	6183.1113	1000.0	1000.0	180000	423.7718	114.77765	513.59265	-80.28109	423.77222	114.77697	512.1755	-64.55376	-425.8731	27.314213	1745.278323173523
37	5917.9224	23.959494	5950.7	5877.1797	6401.9683	74.723465	6572.074	6309.873	1000.0	1000.0	185000	429.49783	113.826706	517.22076	-64.359085	429.49823	113.826355	516.8477	-69.76546	-431.4725	27.290365	1795.7375898361206
38	5394.0874	1077.3597	6111.953	3261.8564	6276.9736	71.825455	6370.8013	6152.1406	1000.0	1000.0	190000	434.431	113.5861	521.91315	-56.59052	434.43124	113.58568	519.19855	-48.447803	-436.4204	26.90322	1846.2980561256409
39	5806.7783	66.29212	5878.1533	5693.6997	5842.2085	73.09828	5983.5703	5757.6333	1000.0	1000.0	195000	437.96408	115.53715	524.3727	-39.268604	437.9642	115.536194	522.92255	-43.879086	-439.9037	28.312378	1896.1205039024353
40	5828.0967	195.39717	6027.295	5478.1055	6176.4854	93.015724	6312.9966	6032.19	1000.0	1000.0	200000	442.73438	115.076996	526.8881	-83.263885	442.73453	115.076836	528.7889	-85.522285	-444.9217	28.468744	1946.1295909881592
41	6023.9736	55.4082	6125.343	5956.1147	6229.853	62.0626	6334.5845	6105.7803	1000.0	1000.0	205000	446.8867	115.114944	531.26556	-70.92099	446.8876	115.113335	533.2412	-75.06379	-448.4742	29.587831	1996.388522863388
42	5994.077	93.61482	6134.122	5871.787	6370.048	65.71676	6499.231	6270.6387	1000.0	1000.0	210000	450.89062	115.27785	536.7781	-76.684654	450.8904	115.277596	537.6726	-79.7424	-452.7924	28.648012	2047.0166409015656
43	5839.376	121.40789	5999.4634	5667.6357	6180.5767	113.44144	6407.0005	6048.2856	1000.0	1000.0	215000	455.2059	114.84513	539.8466	-86.13564	455.2066	114.84402	540.3728	-75.934814	-457.1628	29.906073	2095.92085814476
44	5922.252	207.43	6190.368	5653.2363	6180.203	132.01598	6413.302	5992.261	1000.0	1000.0	220000	458.78278	114.94884	542.05566	-78.18218	458.7831	114.947845	543.03217	-86.20286	-461.0674	29.713938	2145.4236052036285
45	5965.7876	191.99683	6104.7544	5589.2085	5986.419	59.547253	6133.127	5905.1094	1000.0	1000.0	225000	462.61462	114.45319	548.09106	-83.30729	462.6152	114.453255	545.74207	-72.008255	-464.4883	29.49627	2196.3770451545715
46	6084.068	191.04898	6304.0737	5802.285	6413.9297	71.720116	6493.8955	6295.587	1000.0	1000.0	230000	466.4727	113.56945	552.62067	-67.447365	466.4729	113.56809	553.9493	-73.90643	-468.4371	28.264082	2245.287145137787
47	6101.032	135.3369	6272.9487	5956.7817	6173.5503	58.778927	6282.817	6065.143	1000.0	1000.0	235000	469.9658	113.65662	556.7522	-99.8677	469.9663	113.655304	557.22076	-103.83424	-471.49695	28.42485	2293.9705929756165
48	5985.089	182.28795	6210.813	5738.4067	6551.7217	105.26296	6677.2666	6400.0894	1000.0	1000.0	240000	473.7285	113.55286	563.24445	-85.56488	473.72906	113.5507	564.3346	-90.31561	-475.842	28.651726	2344.0798790454865
49	6228.585	103.73031	6322.098	6078.0723	6560.749	58.65357	6640.2285	6456.0923	1000.0	1000.0	245000	477.1498	113.4514	568.397	-80.061516	477.15018	113.45046	568.13257	-90.116356	-478.8606	27.963972	2396.7069931030273
50	6252.9126	87.86952	6409.393	6154.313	6331.171	187.15857	6627.448	5969.4844	1000.0	1000.0	250000	480.79575	113.601746	573.50006	-80.282265	480.79617	113.60044	571.6444	-73.14593	-482.5835	28.320269	2449.0832381248474
51	6104.14	317.51987	6353.4644	5484.972	6427.4585	176.44856	6675.4263	6013.402	1000.0	1000.0	255000	484.28104	113.034615	576.55347	-108.07886	484.28143	113.03378	575.5017	-74.40867	-486.4782	29.83415	2500.3810951709747
52	6237.0195	188.07803	6407.0723	5877.162	6495.8867	117.83259	6705.6445	6345.795	1000.0	1000.0	260000	487.62442	112.75823	578.17847	-77.69443	487.62488	112.75691	577.1433	-106.475914	-489.6934	30.198763	2553.6069660186768
53	6287.024	110.8032	6451.9663	6110.4756	6722.3174	62.44999	6819.453	6626.4375	1000.0	1000.0	265000	490.60205	112.82343	580.39703	-91.092834	490.60233	112.82249	580.2513	-90.63129	-492.4346	30.759794	2606.7816500663757
54	6356.7295	194.9563	6615.0747	6057.7876	6827.736	62.468243	6885.1646	6687.575	1000.0	1000.0	270000	494.24194	112.16845	587.67523	-94.42646	494.24246	112.16795	583.9256	-91.99995	-496.092	29.899912	2659.2783992290497
55	6252.0356	74.42393	6300.837	6107.8545	6759.8804	96.91751	6912.813	6602.3706	1000.0	1000.0	275000	497.31757	112.01317	584.1827	-96.524445	497.31805	112.01146	585.3636	-93.27028	-499.0215	29.129074	2710.3527269363403
56	6255.6924	202.35243	6557.263	5953.0854	6803.546	88.48242	7000.1733	6681.623	1000.0	1000.0	280000	500.1972	111.78221	588.8763	-82.4255	500.19757	111.78031	589.1821	-84.638855	-502.1035	28.996475	2760.537109851837
57	6498.6616	116.99853	6716.539	6378.489	6816.2314	69.36407	6951.1714	6700.404	1000.0	1000.0	285000	503.0112	111.3872	591.35754	-80.827545	503.01193	111.3846	590.8005	-72.68139	-504.99176	29.36356	2811.313545227051
58	6500.0425	61.47769	6579.9067	6428.325	6664.6157	119.38959	6847.5044	6415.2383	1000.0	1000.0	290000	506.2972	110.685394	594.8446	-82.65423	506.29782	110.683556	594.54364	-84.03339	-507.9578	29.0408	2863.5164561271667
59	6401.013	127.199486	6633.48	6261.1167	6957.6587	65.49579	7116.7437	6879.6753	1000.0	1000.0	295000	508.96994	110.6196	594.99945	-81.08212	508.97034	110.61904	596.6362	-73.687485	-510.7794	30.888937	2915.655301094055
60	6416.675	204.59093	6677.489	6180.8115	6907.1313	117.9764	7130.517	6727.4077	1000.0	1000.0	300000	511.88937	110.14072	598.93384	-75.41	511.89005	110.13887	599.71783	-79.10559	-513.755	30.257376	2964.609073162079
61	6591.629	88.938095	6699.5103	6494.507	7000.7437	80.612976	7120.4653	6836.171	1000.0	1000.0	305000	514.31	110.34953	602.455	-67.852745	514.3102	110.34757	603.477	-81.50784	-516.3194	29.2369	3018.4556930065155
62	6610.668	91.57119	6742.8066	6474.3726	6762.8086	90.65723	6864.667	6578.9995	1000.0	1000.0	310000	516.9803	110.129814	608.4718	-55.40348	516.98083	110.128845	606.8545	-65.79484	-518.79395	29.152227	3075.8550429344177
63	6558.6187	251.0045	6796.1055	6079.1924	6937.6157	87.13392	7151.335	6812.3823	1000.0	1000.0	315000	520.1593	109.70221	608.02936	-71.759186	520.16016	109.70006	609.8997	-68.19265	-521.9288	29.739363	3132.412008047104
64	6584.5967	97.558945	6710.715	6472.885	7032.54	79.05765	7196.3057	6868.1123	1000.0	1000.0	320000	522.8293	110.45257	611.1283	-72.65818	522.82983	110.45117	611.9352	-86.62706	-524.7792	29.962675	3186.6155869960785
65	6596.471	195.33186	6755.149	6224.828	6715.444	115.31607	6853.644	6442.253	1000.0	1000.0	325000	525.7318	109.313194	615.21014	-78.91908	525.73224	109.31061	614.78766	-90.43915	-527.5843	30.046087	3237.7670130729675
66	6629.736	91.06884	6727.2847	6470.9375	7027.405	52.114727	7106.603	6938.9277	1000.0	1000.0	330000	528.2739	109.00201	619.1377	-68.79171	528.2742	109.00094	617.8519	-85.60097	-530.21796	30.953835	3286.835718154907
67	6696.5654	51.229687	6766.0386	6638.527	7076.1577	73.2758	7211.8633	6970.2983	1000.0	1000.0	335000	530.62885	109.277306	620.10254	-88.86143	530.6293	109.27545	618.42346	-89.392845	-532.5051	30.050413	3337.1615421772003
68	6714.882	125.96929	6833.0757	6504.155	7110.3076	110.69479	7271.952	6902.0215	1000.0	1000.0	340000	532.8047	109.33181	624.66473	-87.305916	532.80554	109.32801	620.9394	-86.394714	-534.5728	31.380043	3386.8421149253845
69	6826.2656	58.385967	6923.591	6746.9517	7049.806	73.89144	7173.212	6950.112	1000.0	1000.0	345000	535.51434	108.92781	625.0143	-78.93053	535.515	108.92442	625.361	-76.43802	-537.2576	32.17156	3437.343006134033
70	6730.3896	130.97545	6946.4478	6561.3296	7124.8447	66.29594	7254.74	7044.7275	1000.0	1000.0	350000	538.19855	108.127365	626.5719	-81.033745	538.1991	108.1252	626.0664	-92.036964	-540.1501	31.944721	3488.227467060089
71	6809.1616	105.536865	7002.689	6689.788	7013.272	62.9246	7153.2856	6925.025	1000.0	1000.0	355000	540.4615	107.78813	629.1055	-78.01238	540.4616	107.78696	629.17834	-83.1179	-542.4898	31.467716	3540.028898000717
72	6696.349	232.3916	6885.078	6247.8506	7251.133	102.068634	7412.117	7095.2793	1000.0	1000.0	360000	542.5999	108.188835	629.27563	-86.98854	542.60046	108.18692	628.6139	-102.318474	-544.3513	30.414688	3593.9523260593414
73	6761.025	100.835075	6862.701	6575.179	7226.138	61.33514	7329.6133	7130.6294	1000.0	1000.0	365000	544.94086	107.43713	632.8887	-62.05101	544.9414	107.43405	631.4152	-64.50187	-546.9852	31.224606	3649.8639142513275
74	6936.0654	159.91643	7195.677	6730.847	7167.224	143.252	7330.631	6842.658	1000.0	1000.0	370000	546.8859	107.49847	636.6082	-58.23039	546.8858	107.49767	634.07947	-67.12504	-548.8512	32.44075	3703.253893136978
75	6886.698	75.72145	6990.209	6774.3525	7183.6953	63.285095	7281.464	7094.9355	1000.0	1000.0	375000	548.839	107.21326	636.0957	-82.146225	548.83954	107.21151	638.0019	-77.367004	-550.5407	31.427235	3754.3689608573914
76	6733.819	104.91106	6897.755	6639.976	7293.12	67.15464	7444.441	7185.5977	1000.0	1000.0	380000	551.06036	106.27466	637.5241	-77.22238	551.06067	106.2727	639.3052	-83.29295	-552.9858	32.901165	3806.7468400001526
77	6913.5127	61.65985	6974.635	6823.7695	7167.6313	72.74876	7317.8496	7053.097	1000.0	1000.0	385000	552.7211	106.761345	638.7366	-83.42651	552.72205	106.758255	637.8143	-87.25143	-554.832	31.89293	3856.3181171417236
78	6448.9756	701.18	7102.487	5116.2593	7163.1665	102.440285	7289.0303	6934.056	1000.0	1000.0	390000	553.9411	108.0531	640.57324	-94.0689	553.9414	108.05121	640.29736	-130.79903	-556.0621	32.959095	3907.649290084839
79	6935.2734	166.86649	7156.001	6677.4834	7205.132	119.00375	7333.928	6908.0903	1000.0	1000.0	395000	555.7669	108.25128	641.64496	-147.51006	555.7676	108.24613	642.7556	-141.22852	-557.6953	32.77462	3960.203716993332
80	6910.331	133.89584	7093.826	6695.3657	7142.275	99.85331	7264.9023	6962.6357	1000.0	1000.0	400000	558.0948	107.185196	643.61523	-133.91515	558.09515	107.18406	644.51385	-137.35838	-559.88	33.941826	4011.6888461112976
81	6816.2744	139.76543	6973.298	6580.1055	7211.311	92.15031	7355.7095	7065.3228	1000.0	1000.0	405000	559.6227	107.50576	645.3227	-108.64057	559.6234	107.50381	645.4999	-111.42383	-561.809	32.89186	4062.045610189438
82	6936.565	38.749084	7011.8096	6906.8574	7372.3076	64.364235	7509.7656	7278.034	1000.0	1000.0	410000	560.99365	108.02534	650.26666	-131.61191	560.99457	108.02117	648.5903	-119.04057	-562.8382	32.930862	4112.3481340408325
83	6968.014	91.717255	7104.1943	6826.449	7496.2607	85.00629	7614.71	7340.1997	1000.0	1000.0	415000	562.4986	108.03903	648.3864	-168.10776	562.499	108.03625	650.054	-158.25482	-564.4237	33.69439	4162.880196094513
84	6918.9053	214.27754	7170.8013	6565.641	7420.747	68.37346	7558.4966	7333.853	1000.0	1000.0	420000	564.11774	107.30651	653.5042	-147.82217	564.1187	107.30157	653.8939	-170.46075	-566.0479	34.01725	4211.648497104645
85	6879.9077	37.557186	6928.6826	6842.3896	7441.121	81.897095	7557.003	7285.6836	1000.0	1000.0	425000	565.5485	107.23241	651.43945	-169.50719	565.54944	107.22837	652.5157	-170.7862	-567.41516	33.382076	4263.281655073166
86	6905.5234	151.4769	7103.4473	6644.196	7238.714	83.307236	7407.211	7128.5674	1000.0	1000.0	430000	567.23346	106.5036	653.2199	-135.17606	567.2341	106.50103	654.18835	-138.61653	-569.0703	32.99408	4316.424509048462
87	7049.4697	131.47101	7215.178	6827.2207	7483.4736	72.574615	7639.6855	7346.0874	1000.0	1000.0	435000	568.5042	107.45681	658.96936	-122.010735	568.5048	107.45195	657.22003	-117.05206	-570.3439	33.359272	4369.479731082916
88	7020.2695	99.28209	7139.1	6862.755	7405.8584	100.23587	7510.2217	7204.9585	1000.0	1000.0	440000	569.79	108.06836	655.944	-215.82309	569.79083	108.06587	655.6031	-158.2906	-571.6666	34.602524	4421.395720243454
89	6979.901	89.844955	7076.2046	6828.522	7472.0483	98.03758	7651.9136	7302.0684	1000.0	1000.0	445000	571.57263	106.834305	658.1707	-167.87106	571.57306	106.83125	656.2878	-162.48033	-573.371	32.788395	4473.999043941498
90	7152.5986	59.315327	7259.616	7088.898	7469.4375	111.50626	7619.024	7310.523	1000.0	1000.0	450000	573.3267	106.00909	662.2842	-147.92732	573.32794	106.00301	662.21814	-159.01825	-575.24896	34.27094	4526.4540140628815
91	7070.0615	190.4965	7197.202	6692.1167	7586.133	123.916306	7782.754	7371.4766	1000.0	1000.0	455000	574.6238	105.93578	660.59735	-134.21991	574.6244	105.9314	661.1621	-116.66071	-576.4969	33.3296	4577.0311489105225
92	7187.6064	107.00603	7325.941	7071.5386	7349.4795	176.6594	7521.8823	6902.579	1000.0	1000.0	460000	576.38544	104.91779	661.9886	-167.21066	576.3858	104.915085	662.40393	-153.60637	-578.34644	31.785769	4630.406383037567
93	7093.9814	146.07611	7294.03	6917.227	7621.9033	96.31291	7802.8936	7450.551	1000.0	1000.0	465000	577.56537	104.88633	662.9224	-184.73335	577.5663	104.88221	666.45795	-148.23685	-579.5718	32.038258	4684.767117977142
94	7173.8374	116.54576	7333.7485	7026.028	7596.9077	90.875916	7740.1997	7470.2363	1000.0	1000.0	470000	579.10925	104.11035	665.80756	-162.56064	579.1098	104.10652	665.4327	-174.44017	-580.7984	32.202087	4737.218630075455
95	7114.5093	68.31584	7221.1113	7012.8647	7465.8384	106.20532	7667.7104	7272.8403	1000.0	1000.0	475000	580.4643	103.91695	669.5484	-168.88736	580.4651	103.913	671.8033	-157.81981	-582.372	32.688488	4790.158697128296
96	7193.9854	101.82822	7317.7773	7025.19	7660.897	55.021587	7752.16	7594.9194	1000.0	1000.0	480000	581.88806	103.7148	668.72076	-151.85413	581.8886	103.711334	667.98065	-160.52109	-583.5729	32.220455	4842.718296051025
97	7134.0557	97.45141	7238.2876	6996.3115	7528.392	93.5917	7667.3994	7314.3745	1000.0	1000.0	485000	582.95856	104.16776	668.7995	-126.5186	582.959	104.16392	668.8877	-116.63415	-584.63605	33.929813	4893.120954990387
98	7181.4736	69.32688	7265.9463	7093.934	7594.782	115.439125	7796.5083	7449.8013	1000.0	1000.0	490000	584.5078	103.752144	670.494	-151.7466	584.5086	103.747536	671.49927	-154.94519	-586.42114	33.4959	4945.281252145767
99	7222.5376	122.33776	7380.878	7005.482	7572.8594	122.08168	7829.694	7441.5693	1000.0	1000.0	495000	585.93964	103.62563	673.4861	-123.37105	585.94055	103.62293	673.2681	-123.870186	-588.06934	33.3799	4996.538566112518
100	7124.026	181.17656	7332.7754	6878.1426	7589.95	41.92058	7648.1987	7489.215	1000.0	1000.0	500000	587.1266	103.44413	671.4825	-143.24812	587.12646	103.441605	671.006	-145.3474	-589.22345	33.80862	5048.809231996536
101	7158.0093	108.291145	7284.7397	6957.568	7628.7905	112.060394	7823.864	7389.0503	1000.0	1000.0	505000	588.4624	102.7997	677.70715	-151.35843	588.4628	102.79595	678.21265	-137.13599	-590.4047	33.70938	5101.192982912064
102	7105.836	245.72108	7270.3657	6620.7285	7728.327	93.87429	7848.4644	7564.272	1000.0	1000.0	510000	589.5539	102.43083	678.3416	-132.24352	589.5545	102.42947	677.9164	-147.29962	-591.474	33.303528	5151.828544855118
103	7231.354	104.04257	7323.2217	7029.454	7613.9365	109.123	7844.405	7463.995	1000.0	1000.0	515000	590.30804	102.6468	677.13617	-114.49155	590.30865	102.64409	679.53656	-112.6147	-592.1965	33.61516	5202.757354259491
104	7166.3906	169.16127	7371.906	6872.803	7140.8384	548.06116	7486.5596	5512.831	1000.0	1000.0	520000	591.765	101.984535	679.89185	-132.43835	591.76587	101.98062	679.3745	-132.60164	-593.7429	33.591167	5254.709975004196
105	7165.6104	176.18842	7388.6465	6884.4185	7578.0327	70.778946	7677.323	7463.76	1000.0	1000.0	525000	593.0371	102.01113	679.54004	-139.79774	593.03735	102.007645	680.8696	-156.85858	-594.8591	33.407856	5310.465667009354
106	7174.029	117.17686	7345.3706	7034.239	7593.836	82.20188	7726.947	7459.146	1000.0	1000.0	530000	594.2739	101.74162	682.5579	-116.36458	594.2745	101.73803	681.87537	-134.87427	-596.1862	32.813866	5364.776682853699
107	7243.4976	92.12652	7357.33	7136.3223	7649.2627	147.80411	7910.7676	7427.9023	1000.0	1000.0	535000	595.19507	101.77742	682.4178	-155.53197	595.19574	101.772675	685.1836	-161.5878	-597.1453	34.17215	5417.720998048782
108	7138.819	167.35744	7354.252	6843.153	7800.513	57.544945	7894.2305	7734.2695	1000.0	1000.0	540000	596.1723	101.615	683.93146	-145.5215	596.173	101.61151	683.67426	-154.50381	-598.1481	33.100628	5466.86705493927
109	7348.25	103.77909	7511.51	7215.0864	7753.0796	100.25214	7912.9434	7538.8315	1000.0	1000.0	545000	597.19934	101.23789	684.14465	-160.67822	597.2001	101.23461	683.4321	-132.73717	-599.393	32.62768	5517.7486119270325
110	7303.8643	92.97609	7467.4785	7194.7197	7351.2266	87.82923	7467.7295	7208.254	1000.0	1000.0	550000	598.6469	100.42945	684.3184	-137.08792	598.6475	100.42677	685.914	-164.48445	-600.24194	33.0996	5568.710899114609
111	7149.3813	131.18068	7287.857	6933.08	7754.736	80.46911	7864.3564	7629.3555	1000.0	1000.0	555000	599.7333	100.24812	683.26953	-172.11206	599.73364	100.24621	684.2832	-181.83856	-601.3588	32.549995	5621.916988134384
112	7212.9517	93.372185	7357.8296	7092.265	7722.7266	93.92475	7850.8403	7600.049	1000.0	1000.0	560000	600.5877	100.320435	685.597	-171.5127	600.588	100.318275	684.7539	-155.59895	-602.4251	32.87933	5673.451689243317
113	7194.2812	146.24371	7334.7974	6935.659	7076.0493	2080.5298	7857.988	837.2151	1000.0	1000.0	565000	601.34534	100.51318	685.7786	-134.67833	601.34607	100.508705	686.52985	-111.35118	-603.1102	31.676468	5725.543426036835
114	7330.3765	143.47786	7446.052	7054.6265	7820.741	67.12807	7917.345	7734.9595	1000.0	1000.0	570000	602.4971	99.79745	688.39166	-129.33118	602.49744	99.79378	686.3177	-129.8727	-604.3804	32.10838	5778.3819308280945
115	7293.572	67.306694	7403.2817	7195.9146	7696.1304	49.783234	7774.9766	7621.336	1000.0	1000.0	575000	603.63696	99.42674	688.88586	-170.15237	603.63763	99.42412	689.0782	-179.44308	-605.4914	32.64161	5831.329193115234
116	7296.311	142.11449	7482.397	7075.643	7725.9404	107.782074	7904.917	7539.174	1000.0	1000.0	580000	604.5517	99.76388	690.43713	-165.14354	604.55206	99.76055	691.4531	-186.14082	-606.4634	32.433475	5886.4040648937225
117	7316.833	115.40938	7456.7534	7108.0903	7864.169	66.64483	7943.9443	7751.86	1000.0	1000.0	585000	605.25946	99.72886	688.5768	-133.70486	605.2601	99.7253	690.09064	-147.13605	-607.001	31.616257	5940.565141201019
118	7140.525	113.43129	7317.1133	7016.835	7811.128	103.17517	7979.551	7660.3755	1000.0	1000.0	590000	606.2422	98.766174	688.9098	-151.35608	606.24225	98.764145	689.036	-152.83023	-608.0079	31.524069	5994.508985042572
119	7298.677	99.69451	7449.555	7184.2017	7879.0107	70.361244	8001.9307	7764.4473	1000.0	1000.0	595000	606.4664	99.18144	688.9517	-136.0525	606.4671	99.178474	689.29425	-121.30013	-608.12555	30.925272	6046.9210340976715
120	7387.947	112.802444	7539.8633	7215.277	7083.796	2166.5989	7922.2466	587.97314	1000.0	1000.0	600000	607.3345	99.24621	690.6963	-170.08453	607.33453	99.24495	692.6057	-184.00493	-609.04846	31.943731	6099.871608972549
121	7390.3564	140.34052	7595.684	7234.6045	7818.599	85.81332	7953.1924	7698.1685	1000.0	1000.0	605000	608.2305	98.41802	690.6262	-175.02008	608.231	98.41377	689.80566	-163.231	-610.1882	31.896338	6153.724917888641
122	7295.8057	101.54093	7468.0737	7185.623	7755.753	104.88492	7860.539	7561.203	1000.0	1000.0	610000	608.9419	98.15686	689.2441	-153.75264	608.9424	98.15321	690.1241	-164.7488	-610.7411	32.54331	6205.464097976685
123	7356.62	177.8564	7575.7217	7089.666	7723.2017	92.91512	7881.6597	7620.4478	1000.0	1000.0	615000	609.688	97.98086	689.53436	-183.92511	609.6886	97.9789	694.0386	-176.3073	-611.3378	30.255537	6259.867074966431
124	7359.6694	115.53862	7544.622	7221.0767	7550.663	62.594917	7701.8105	7471.7476	1000.0	1000.0	620000	610.6144	97.51977	691.95856	-176.09178	610.61475	97.51587	692.0597	-194.45694	-612.1968	30.958706	6314.449186086655
125	7278.888	70.11563	7341.155	7172.6777	7937.1045	85.13935	8063.237	7777.1216	1000.0	1000.0	625000	611.2568	97.68996	691.1955	-178.2938	611.25726	97.68769	692.37604	-164.48335	-612.6767	29.961756	6365.812871217728
126	7287.4766	214.89601	7540.304	7034.23	7512.4805	114.01002	7720.2593	7400.2715	1000.0	1000.0	630000	611.8176	98.089676	694.11914	-184.3172	611.8177	98.08677	696.30005	-168.47366	-613.2443	30.515518	6419.573041200638
127	7212.3584	157.7804	7404.6577	6980.4126	7793.85	113.533676	7938.336	7545.953	1000.0	1000.0	635000	612.4329	97.535355	693.5604	-161.86725	612.4336	97.53443	693.29553	-169.8383	-613.9046	30.413513	6473.946035146713
128	7436.03	78.46736	7521.344	7304.9863	7756.4834	88.19875	7909.3584	7573.5044	1000.0	1000.0	640000	613.38464	96.76764	697.0216	-160.89029	613.385	96.76516	695.7803	-148.88031	-615.262	30.895037	6526.32376909256
129	7312.0117	59.57266	7397.5586	7220.8687	7018.1157	1899.224	7757.9224	1325.2363	1000.0	1000.0	645000	614.1867	96.64705	692.7437	-249.17386	614.1872	96.64325	692.70886	-217.044	-615.9891	30.3336	6578.696938276291
130	6712.419	1218.0195	7445.9966	4284.4243	7724.7163	127.446304	7920.737	7486.5747	1000.0	1000.0	650000	614.3786	97.94849	695.89716	-261.94028	614.3792	97.94497	694.32294	-324.22794	-616.0769	31.705925	6635.730859041214
131	7373.504	98.52761	7482.1104	7232.929	8066.928	93.45231	8283.28	7937.907	1000.0	1000.0	655000	615.14014	97.70232	694.4306	-243.43538	615.14026	97.6996	695.49176	-207.08408	-616.8295	32.841534	6693.5708220005035
132	7374.525	108.74766	7515.7266	7214.2744	7929.702	86.35266	8057.8647	7776.8794	1000.0	1000.0	660000	615.7011	97.77864	699.32214	-225.22534	615.7018	97.774055	695.41425	-230.21815	-617.3215	31.43988	6752.727568149567
133	7399.62	44.391705	7434.0737	7312.8857	7922.017	79.51707	8068.1987	7803.325	1000.0	1000.0	665000	616.34827	97.142075	694.28784	-209.69536	616.349	97.13833	694.9757	-239.06946	-618.2189	32.29595	6809.442136049271
134	7392.2407	139.10136	7649.1562	7250.865	8019.5596	75.6916	8148.1406	7906.9243	1000.0	1000.0	670000	617.1102	96.83277	694.6381	-273.7694	617.1107	96.82985	694.34015	-291.2991	-618.82513	33.662357	6863.03973698616
135	7432.9233	198.09155	7685.9087	7117.5273	7921.603	98.55243	8113.6655	7785.8022	1000.0	1000.0	675000	617.71783	97.19841	697.3728	-320.28928	617.7184	97.192604	698.68225	-311.9257	-619.57587	35.78439	6917.216794013977
136	7330.2764	183.00967	7523.068	6999.2524	7781.551	62.746048	7886.653	7648.8403	1000.0	1000.0	680000	618.56177	96.44794	697.30493	-260.22806	618.56256	96.444695	697.5397	-234.12552	-620.19507	33.424694	6974.3443920612335
137	7433.0483	130.72443	7634.423	7239.7324	7856.121	112.29633	8005.6416	7678.4736	1000.0	1000.0	685000	618.7645	97.28512	698.8861	-228.35143	618.76495	97.28206	699.5611	-199.56396	-620.5981	32.34415	7029.186453104019
138	7420.814	101.62299	7585.4673	7299.1743	7950.949	86.01681	8178.9766	7862.0396	1000.0	1000.0	690000	619.4852	96.38367	699.68634	-175.1831	619.4856	96.37955	698.82635	-174.05878	-621.3229	32.824806	7083.285089969635
139	7441.578	130.7647	7611.2236	7254.3257	7873.0547	53.99282	7972.6636	7792.144	1000.0	1000.0	695000	619.9115	96.94114	700.1342	-175.90564	619.91223	96.93567	698.2155	-183.99019	-621.66876	33.16181	7135.7604949474335
140	7402.147	178.01682	7630.9785	7105.0186	7941.66	86.42819	8117.4863	7828.488	1000.0	1000.0	700000	620.3738	97.23834	701.2099	-168.31775	620.37445	97.23251	698.28705	-187.62456	-622.0662	34.704376	7191.504872083664
141	7505.3296	68.08294	7595.237	7407.208	8014.792	111.37332	8148.6367	7795.043	1000.0	1000.0	705000	620.84973	97.050644	699.4466	-188.62057	620.85016	97.04848	699.01306	-206.34512	-622.472	34.469193	7245.233155012131
142	7405.6616	105.954796	7537.815	7221.829	8032.09	56.496693	8118.284	7917.69	1000.0	1000.0	710000	621.70306	95.540146	701.3945	-168.16573	621.70337	95.53878	699.06934	-206.96213	-623.3808	31.907013	7297.775207042694
143	7445.943	63.27889	7507.972	7336.9663	7946.999	67.74378	8037.0557	7803.692	1000.0	1000.0	715000	622.22125	95.507324	703.6449	-146.92778	622.22217	95.50349	699.8412	-145.786	-623.66895	32.78812	7349.954036235809
144	7405.5273	89.00261	7503.0435	7277.3853	7963.892	83.10757	8107.3823	7794.3296	1000.0	1000.0	720000	622.602	95.831566	702.9739	-163.83719	622.6024	95.82798	702.6299	-156.3176	-624.5086	33.412064	7405.062597036362
145	7524.7095	69.356766	7591.02	7400.749	7570.919	103.19792	7767.317	7440.87	1000.0	1000.0	725000	623.18866	95.58637	700.3997	-158.28917	623.18933	95.58382	701.1997	-178.42189	-624.603	32.25595	7458.723396062851
146	7338.84	142.27702	7576.8193	7189.8257	8058.409	70.74922	8220.919	7966.08	1000.0	1000.0	730000	623.57227	95.662895	702.3509	-202.39641	623.57214	95.659424	705.1202	-166.11433	-625.2923	32.6808	7512.929402112961
147	7498.1084	110.43009	7631.3057	7339.371	8023.3896	119.82393	8229.497	7812.6357	1000.0	1000.0	735000	623.67914	96.41714	702.5267	-201.14478	623.68005	96.41378	703.78827	-177.17604	-625.221	34.098274	7566.832800149918
148	7411.2236	143.5766	7674.5005	7260.015	7877.4556	47.99982	7941.7695	7765.6367	1000.0	1000.0	740000	624.49194	95.50755	702.7538	-169.4193	624.4919	95.506874	701.5613	-185.76282	-626.0393	32.39917	7620.250899076462
149	7402.9595	62.46454	7492.753	7304.552	7865.564	79.39812	7982.213	7748.656	1000.0	1000.0	745000	625.4454	93.90823	700.8746	-143.1691	625.44574	93.90538	700.6639	-141.18755	-627.3035	32.89037	7673.720948219299
150	7413.16	153.31569	7601.436	7249.514	7944.7695	85.59448	8059.3394	7817.837	1000.0	1000.0	750000	625.37787	94.28115	703.33716	-151.93094	625.37823	94.27752	701.5894	-150.79665	-626.7153	32.127274	7727.347911119461
151	7541.968	68.028244	7631.121	7445.7764	7997.872	120.83584	8161.346	7702.231	1000.0	1000.0	755000	626.2147	93.798805	702.61304	-112.85807	626.2147	93.79759	703.0697	-117.79914	-627.9572	31.662926	7778.017727851868
152	7454.5596	150.54681	7692.573	7219.884	8017.604	74.05245	8116.047	7852.745	1000.0	1000.0	760000	626.8251	93.46854	702.87524	-178.22546	626.8258	93.464745	704.00464	-167.68582	-628.3677	31.425488	7829.244885921478
153	7450.6265	122.90765	7665.4214	7318.872	7562.725	91.1504	7693.889	7413.101	1000.0	1000.0	765000	627.2384	93.974884	703.68225	-176.31552	627.2394	93.969734	703.99695	-191.47665	-628.7609	32.704956	7887.684456110001
154	7488.947	91.15132	7663.7563	7403.7607	7773.22	103.75151	7863.6577	7484.2715	1000.0	1000.0	770000	627.48895	93.812965	704.22046	-150.95345	627.4894	93.811455	703.08685	-148.7345	-629.1409	33.222576	7950.497595071793
155	7481.8594	123.30657	7642.246	7315.715	7958.2163	93.767395	8122.1196	7818.4795	1000.0	1000.0	775000	627.87933	93.07635	705.51575	-165.01474	627.88	93.073845	704.15924	-148.68787	-629.61505	32.844006	8017.2092452049255
156	7186.2217	341.89966	7657.444	6641.163	7971.482	52.265434	8052.927	7878.239	1000.0	1000.0	780000	627.89825	93.161736	701.8702	-146.17554	627.8985	93.15914	703.7232	-141.11232	-629.53064	33.059788	8079.584897994995
157	7545.0366	56.889755	7636.53	7458.254	7977.6196	87.77202	8168.544	7870.3296	1000.0	1000.0	785000	628.2041	92.76201	704.46857	-134.5226	628.20465	92.75798	710.60187	-132.13696	-629.47516	32.887474	8142.78240609169
158	7504.621	18.780342	7524.0747	7477.7466	7831.6143	62.1241	7944.9404	7739.4014	1000.0	1000.0	790000	628.4642	93.17769	707.82874	-113.700935	628.4643	93.17442	706.3908	-115.501884	-630.2107	32.53718	8197.934801101685
159	7369.5806	242.8201	7567.175	6904.48	7725.151	124.75813	7923.8716	7500.528	1000.0	1000.0	795000	629.4316	92.10864	702.9481	-125.03092	629.4322	92.10582	703.39496	-165.19392	-631.03424	32.294975	8251.670570135117
160	7415.8647	41.70546	7462.396	7364.391	7924.3057	65.42412	8044.143	7855.7285	1000.0	1000.0	800000	629.92676	91.840256	706.2996	-138.25589	629.9272	91.838295	706.10187	-146.24088	-631.3484	32.232193	8306.160151004791
161	7514.3774	119.622795	7655.6953	7328.9214	8005.5522	71.92112	8090.08	7889.58	1000.0	1000.0	805000	630.48517	91.697266	707.00946	-143.96658	630.48517	91.69645	706.98883	-139.25064	-632.1014	32.272575	8362.274847269058
162	7505.5234	70.65508	7616.822	7426.545	8053.7905	92.9895	8175.068	7906.1484	1000.0	1000.0	810000	631.1711	91.48928	705.1372	-159.87393	631.172	91.48527	705.52716	-134.69398	-632.6134	32.063717	8420.890809059143
163	7428.2686	85.24689	7555.787	7294.1094	8006.1704	81.19753	8151.389	7888.0786	1000.0	1000.0	815000	631.2168	92.54212	705.2664	-183.15668	631.217	92.54072	705.6107	-165.73708	-632.8868	33.801567	8480.883407115936
164	7519.622	37.288933	7579.6167	7478.8716	7910.497	103.626595	8082.408	7765.5903	1000.0	1000.0	820000	632.06573	91.041214	708.64935	-159.1296	632.0662	91.03979	708.13385	-170.97775	-633.8318	32.79294	8536.924597263336
165	7481.8843	127.59741	7629.843	7256.5073	7894.415	110.22521	8111.551	7669.247	1000.0	1000.0	825000	632.20624	91.64667	707.23737	-189.47574	632.20685	91.64316	707.4974	-146.7455	-633.6716	32.436028	8588.719105005264
166	7490.0093	10.08134	7505.9873	7477.094	8129.6826	80.45215	8296.988	8014.2705	1000.0	1000.0	830000	632.63477	90.394226	706.8471	-110.04175	632.63477	90.39175	706.07465	-147.6348	-634.2562	34.112206	8640.154450178146
167	6138.639	2792.2227	7670.7837	560.7836	7831.1265	69.37152	7903.9766	7706.231	1000.0	1000.0	835000	632.2974	92.006935	709.268	-109.1905	632.298	92.00782	706.80695	-126.92539	-634.01135	34.241253	8693.731189250946
168	7612.793	87.36709	7750.0083	7496.784	7752.7773	136.12209	7895.2715	7475.4893	1000.0	1000.0	840000	632.3486	93.1344	707.83167	-115.92	632.34863	93.1315	707.01465	-101.42218	-633.6799	34.96352	8745.505051136017
169	7532.493	182.78947	7702.1675	7205.397	7903.465	537.16125	8150.301	6303.257	1000.0	1000.0	845000	632.85345	93.30332	707.54767	-121.58574	632.8537	93.30233	708.50287	-128.94089	-634.56244	34.844097	8795.637868881226
170	7522.532	188.45567	7703.848	7159.868	8066.1616	136.76572	8269.29	7827.194	1000.0	1000.0	850000	633.27014	93.64283	707.7677	-116.02339	633.27045	93.64078	707.7507	-139.02197	-634.5931	34.913467	8853.936998128891
171	7461.297	84.6902	7552.032	7300.482	7761.676	96.48679	7918.9565	7609.0376	1000.0	1000.0	855000	633.702	93.97916	707.5571	-152.3348	633.7023	93.9764	708.6776	-133.95087	-635.65344	36.207394	8907.471062898636
172	7468.3804	185.04799	7650.9097	7114.8467	8071.128	85.32693	8223.897	7975.6167	1000.0	1000.0	860000	634.18097	93.08897	711.04767	-133.21953	634.1817	93.0853	708.63055	-137.92377	-635.72705	34.112217	8966.561233997345
173	7512.8135	119.23681	7669.434	7395.311	8030.1045	83.083405	8167.1294	7889.0596	1000.0	1000.0	865000	634.6843	92.38578	709.40826	-111.56515	634.68524	92.38108	709.85815	-124.73169	-636.3255	34.57455	9025.22569513321
174	7500.5156	174.346	7680.582	7253.1455	8255.414	70.132965	8392.438	8168.1577	1000.0	1000.0	870000	634.67676	92.67359	710.96106	-123.63215	634.677	92.67133	708.9368	-163.91542	-636.3149	32.566536	9088.845398902893
175	7639.697	40.11286	7679.277	7568.9863	7964.5166	94.04842	8125.0684	7785.795	1000.0	1000.0	875000	635.08777	92.40715	709.90497	-167.68204	635.088	92.4052	708.9929	-146.12035	-636.5883	32.424217	9149.353954076767
176	7499.147	153.261	7719.9214	7334.266	8180.061	77.018295	8342.696	8084.364	1000.0	1000.0	880000	635.4089	93.043365	711.4853	-177.54755	635.40967	93.04024	710.4518	-168.41367	-637.0503	33.94982	9210.896842241287
177	7503.771	123.97857	7630.789	7306.326	7916.6943	103.30667	8024.8813	7660.2437	1000.0	1000.0	885000	636.0915	92.28045	709.0953	-168.279	636.0915	92.27846	709.2199	-200.70927	-637.8788	34.69134	9270.987179040909
178	7510.5986	235.52205	7745.2554	7123.189	7977.479	48.073643	8058.789	7883.248	1000.0	1000.0	890000	636.1757	92.388435	710.61957	-119.12033	636.17596	92.38514	710.69073	-143.40118	-637.7825	34.86348	9334.476571083069
179	7426.6553	136.35268	7558.307	7167.926	8099.0195	53.71884	8177.8	8013.4424	1000.0	1000.0	895000	636.73444	91.8918	711.38434	-154.6574	636.735	91.89031	711.32086	-160.54181	-638.1244	33.205486	9398.55067896843
180	7581.0015	242.18536	7876.099	7228.676	8017.706	70.59552	8158.5957	7909.9487	1000.0	1000.0	900000	637.2991	91.69666	719.15344	-142.43526	637.2997	91.69387	712.5512	-141.04013	-638.9106	33.414406	9463.192899942398
181	7517.319	46.513897	7557.8296	7429.6187	7902.327	84.403366	8048.311	7769.3687	1000.0	1000.0	905000	637.72314	91.124756	711.8484	-123.60909	637.7235	91.12249	711.19196	-168.88779	-639.2335	33.622185	9528.18938422203
182	7469.577	234.99352	7764.328	7077.312	8167.2705	110.268425	8358.05	7981.616	1000.0	1000.0	910000	637.83826	91.31211	717.20386	-171.1374	637.8389	91.310844	713.18225	-147.78749	-639.36957	34.14405	9590.16887807846
183	7606.754	33.864567	7641.851	7548.1953	7991.6055	119.578026	8126.5244	7704.0635	1000.0	1000.0	915000	638.36993	91.43191	711.1825	-162.87108	638.371	91.42816	712.30255	-162.926	-639.8988	34.027058	9650.473519086838
184	7571.4736	144.28712	7814.9434	7382.266	7944.8564	75.29496	8090.255	7815.4556	1000.0	1000.0	920000	638.7419	91.53059	711.7051	-175.76175	638.7422	91.52812	712.98804	-175.48248	-640.3823	34.60438	9710.353330135345
185	7571.9673	77.091995	7680.8027	7463.8047	8074.7627	92.186714	8276.842	7944.1895	1000.0	1000.0	925000	639.15045	91.29505	713.14667	-180.3833	639.1515	91.291565	711.4089	-203.0809	-640.6413	34.572018	9770.566034078598
186	7545.5967	128.86151	7686.618	7306.966	8118.815	102.14058	8334.366	7967.663	1000.0	1000.0	930000	639.98694	90.313965	711.7394	-168.12288	639.9867	90.312294	711.1865	-201.71034	-641.3912	35.1575	9832.041444063187
187	7461.397	174.75945	7618.7837	7128.397	7763.782	576.69336	8087.6895	6058.3833	1000.0	1000.0	935000	640.66345	90.3967	716.27435	-171.53079	640.6644	90.3908	715.1797	-146.45471	-642.3896	34.842957	9889.35935497284
188	7443.147	93.73268	7583.7754	7293.4585	8092.3228	86.85155	8265.555	7941.7837	1000.0	1000.0	940000	640.75946	89.970985	712.57245	-155.56885	640.7595	89.96819	712.9507	-161.42651	-641.9904	36.264336	9945.21370100975
189	7556.4023	154.55496	7749.037	7311.124	7826.8467	99.019104	7984.971	7651.9043	1000.0	1000.0	945000	640.64667	90.10381	713.4363	-159.02304	640.6469	90.10053	715.4237	-147.3524	-642.42596	34.65515	10000.939674139023
190	7600.694	121.97433	7746.335	7424.0615	8052.478	52.684692	8126.999	7979.229	1000.0	1000.0	950000	641.0266	89.70166	714.9016	-102.037674	641.0273	89.69827	713.3171	-120.75048	-642.6169	35.5268	10052.75031208992
191	7621.7554	113.5241	7749.8794	7438.5366	8035.4893	66.4245	8156.085	7922.3003	1000.0	1000.0	955000	641.3175	90.244514	714.4754	-195.39412	641.31757	90.24343	714.6423	-173.7541	-642.7183	35.21782	10107.308876037598
192	7546.622	162.29399	7805.7847	7371.847	8094.6846	100.64865	8248.039	7911.609	1000.0	1000.0	960000	641.5762	90.04336	715.51733	-147.08693	641.57715	90.03867	717.02734	-158.04079	-642.9113	36.890526	10161.835118055344
193	7458.384	116.00479	7624.213	7329.506	7969.7734	103.490486	8151.7085	7748.604	1000.0	1000.0	965000	641.7653	90.101234	716.1355	-151.1377	641.76556	90.099495	714.75183	-160.18315	-643.3876	35.495136	10216.801960229874
194	7582.169	184.85217	7842.1807	7346.9927	8154.292	56.70267	8225.105	8015.213	1000.0	1000.0	970000	642.0654	90.91128	716.3057	-133.24873	642.0656	90.912636	715.2691	-130.54134	-643.6233	34.311882	10278.839639902115
195	7740.1963	99.669945	7891.4014	7597.388	7995.947	146.43587	8286.778	7758.6353	1000.0	1000.0	975000	642.99585	89.731834	715.9928	-151.90533	642.9961	89.730865	715.2046	-173.74742	-644.60864	33.61067	10342.833748102188
196	7600.275	92.44369	7763.8926	7493.3584	7979.327	103.07778	8190.331	7806.274	1000.0	1000.0	980000	643.1514	90.54912	720.53754	-153.44514	643.1522	90.545265	718.21783	-147.2553	-644.5619	35.183468	10407.684839010239
197	7643.3076	192.94482	7804.4624	7389.5376	7898.5103	87.24193	8089.2554	7789.158	1000.0	1000.0	985000	643.3197	90.31366	718.6207	-173.31392	643.32025	90.312874	715.1183	-189.24358	-644.7065	35.933075	10464.79352426529
198	7562.358	180.36865	7782.7715	7257.718	8200.021	97.23935	8346.488	8059.278	1000.0	1000.0	990000	643.3183	90.45051	718.85516	-145.85939	643.3186	90.448265	718.425	-163.88692	-644.887	36.641655	10528.678898096085
199	7497.503	119.483826	7589.9478	7261.103	7822.2915	105.0148	8038.2827	7662.7256	1000.0	1000.0	995000	643.8407	89.199165	716.07544	-156.00273	643.84076	89.198654	716.27094	-143.31367	-645.1566	35.154026	10586.943177223206
