Epoch	AverageEpRet	StdEpRet	MaxEpRet	MinEpRet	AverageTestEpRet	StdTestEpRet	MaxTestEpRet	MinTestEpRet	EpLen	TestEpLen	TotalEnvInteracts	AverageQVals	StdQVals	MaxQVals	MinQVals	LossPi	LossQ	Time
1	-258.9218	63.105118	-186.58809	-345.19806	-476.92236	18.675905	-451.43408	-508.0799	1000.0	1000.0	5000	1.3517209	3.9865391	20.87734	-9.833164	-2.2038097	0.16602534	50.2703640460968
2	-211.37341	95.64288	-110.67438	-361.01483	-519.8872	5.9339933	-510.15442	-532.8343	1000.0	1000.0	10000	12.061428	9.694881	39.600014	-10.567765	-13.742133	0.61030567	97.76303911209106
3	-501.13177	117.48064	-338.6615	-705.2658	-726.7292	36.91837	-672.85254	-796.74176	1000.0	1000.0	15000	24.173172	8.711819	46.91947	-3.6721392	-25.209332	0.76783437	151.9152410030365
4	-145.14104	463.79425	700.60046	-694.6776	598.67487	87.27113	720.3757	461.7784	1000.0	1000.0	20000	25.287714	6.513093	51.00989	6.031922	-25.878218	0.822001	214.3262140750885
5	395.9698	408.15643	877.94965	-349.92606	236.99475	285.17828	505.3146	-559.2967	1000.0	1000.0	25000	32.798836	9.973496	74.322495	11.550749	-34.766907	1.655417	279.026593208313
6	-422.68555	142.39433	-191.50922	-623.1142	-734.6661	302.0142	-26.473566	-978.87775	1000.0	1000.0	30000	49.98527	13.226909	89.164276	16.222498	-51.981987	2.330077	340.92617988586426
7	-339.60352	424.56464	485.84723	-728.764	-211.28989	425.39066	931.6985	-560.32446	1000.0	1000.0	35000	53.93489	14.940057	94.27007	13.636928	-55.01503	2.1860454	398.42448711395264
8	23.216076	432.75595	634.2592	-574.3496	341.93628	695.50244	1824.9148	-447.81427	1000.0	1000.0	40000	55.500732	18.47754	105.730255	12.898719	-56.459545	2.343875	451.76831221580505
9	64.6188	770.6464	1539.7716	-547.3991	827.7212	745.9057	1913.5917	-142.62524	1000.0	1000.0	45000	55.67181	22.817204	121.08483	8.024712	-56.530476	2.7069788	506.6424341201782
10	980.8275	794.71045	1573.1293	-558.317	1808.7494	580.9934	2298.1797	285.50717	1000.0	1000.0	50000	59.505135	28.632317	138.52551	7.240237	-60.613937	3.1796288	561.1942522525787
11	1927.28	543.15826	2376.8257	943.5451	877.7064	824.7638	2343.9194	-19.57111	1000.0	1000.0	55000	68.853615	36.591812	165.06999	5.8433304	-70.08319	4.4784913	621.399570941925
12	1398.9868	856.4582	2158.7385	56.7071	865.9417	789.5782	2143.5767	-423.41208	1000.0	1000.0	60000	79.45828	45.160797	195.4617	-2.9585376	-80.92851	5.9542947	674.2136631011963
13	1123.8939	893.4223	2400.2612	-28.123688	1599.8616	1001.92017	2918.5854	134.48021	1000.0	1000.0	65000	90.50508	53.059223	207.85246	-4.040855	-91.96721	7.2788014	738.4090230464935
14	2241.268	1135.8436	3130.127	-4.8070393	1965.967	1137.6198	3127.7937	69.74197	1000.0	1000.0	70000	101.807884	61.223534	230.3203	-5.502954	-103.577675	7.6938357	806.2949159145355
15	1675.8258	1355.7957	3051.948	-72.19378	2901.9165	477.5002	3375.5635	1801.0039	1000.0	1000.0	75000	115.80958	68.41868	250.58844	-1.6451981	-117.5398	8.550754	873.7058761119843
16	3348.552	170.59636	3656.506	3170.1052	3080.0278	976.9781	3766.2632	810.00336	1000.0	1000.0	80000	131.47658	75.62721	271.6104	4.064227	-133.41243	9.799842	941.9357919692993
17	3316.8965	371.5039	3634.36	2658.1936	3750.85	137.98035	3912.232	3444.373	1000.0	1000.0	85000	149.84546	81.69444	296.56036	0.49587643	-151.8634	11.189637	1013.0346481800079
18	3923.6602	287.8057	4346.512	3545.1174	2940.286	1459.6913	4345.5757	629.30774	1000.0	1000.0	90000	169.25375	87.40921	316.51117	4.3199353	-171.32747	12.23416	1075.1048982143402
19	3315.4324	1876.531	4460.599	-419.0001	4453.919	513.5144	4963.269	3126.0547	1000.0	1000.0	95000	187.56618	93.74845	342.32217	1.765161	-189.84213	12.861632	1135.7202970981598
20	3234.3975	1281.0128	4283.1665	829.9693	4268.79	842.69165	4850.8853	1768.6245	1000.0	1000.0	100000	204.13748	100.79091	368.72195	-2.6461322	-206.261	14.101906	1199.0630118846893
21	4683.79	102.28088	4785.622	4490.446	4799.35	310.7734	5245.0225	4051.1624	1000.0	1000.0	105000	220.61604	107.90144	391.93387	7.8640385	-222.85835	15.111115	1259.2110760211945
22	4747.1714	159.40977	4904.2993	4475.4785	4682.0444	1070.387	5288.988	1851.5084	1000.0	1000.0	110000	239.03119	114.68534	419.09854	8.138791	-241.45978	15.924984	1317.8861920833588
23	3554.5493	1808.8264	5145.1035	952.9857	4354.5596	1902.4526	5947.3057	460.73618	1000.0	1000.0	115000	254.6333	122.18241	440.2415	2.0936303	-256.88943	17.973879	1376.4805798530579
24	5069.885	302.8243	5488.2725	4592.8994	5146.4775	491.81082	5502.66	3757.6643	1000.0	1000.0	120000	271.42816	129.33664	459.7279	-9.542625	-273.5207	18.954798	1439.787066936493
25	3930.5298	1522.6669	5300.499	1501.1532	4992.178	1038.088	5840.645	2804.0884	1000.0	1000.0	125000	286.99673	135.49931	489.3543	-18.798706	-289.1938	20.468163	1506.7721481323242
26	4931.6646	1385.71	5867.4775	2174.7324	4916.4224	1515.0654	6171.2817	1512.6449	1000.0	1000.0	130000	301.9918	141.81029	502.75558	3.241134	-304.234	22.554953	1567.1602280139923
27	5502.3545	470.58685	6100.7056	4768.1025	5662.2783	865.39606	6164.435	3125.3555	1000.0	1000.0	135000	318.79166	146.44623	527.34955	-7.155443	-321.0672	23.320179	1626.0877871513367
28	5652.712	311.85852	5928.731	5058.2563	3697.397	1735.1096	6031.9585	1442.8748	1000.0	1000.0	140000	335.02084	150.59705	544.25226	1.7681618	-337.43607	25.151312	1693.477953195572
29	4937.755	1829.9816	6205.7563	1298.1233	5393.206	1307.0104	6855.6396	1963.3766	1000.0	1000.0	145000	349.33328	155.28632	561.5317	-131.1502	-351.51675	26.714321	1753.4296872615814
30	4933.6553	832.91876	6122.557	3778.8442	5470.4023	1246.5933	6474.932	2215.5383	1000.0	1000.0	150000	362.95673	160.60976	576.53186	-48.36125	-365.22525	28.083456	1816.9480650424957
31	5343.7954	1453.3882	6299.2554	2469.883	4683.654	2024.8083	6493.6997	1296.514	1000.0	1000.0	155000	375.65753	165.82167	615.017	-26.90975	-377.98886	32.55058	1876.1582732200623
32	4953.0117	1828.3525	6667.11	1449.0903	5202.112	1743.4377	7095.17	2659.2024	1000.0	1000.0	160000	388.02493	170.58212	629.02313	-48.32695	-390.4461	36.383633	1935.3091731071472
33	5997.5107	271.9919	6349.0493	5650.781	5681.6104	1792.725	6892.519	795.80475	1000.0	1000.0	165000	402.163	173.30316	650.90204	-29.62425	-404.86346	38.202446	1997.1855261325836
34	5887.621	1209.667	6755.216	3512.9915	6205.1924	306.39554	6638.276	5537.9233	1000.0	1000.0	170000	415.61914	175.62949	665.056	-40.16274	-417.96863	41.66682	2055.244739294052
35	5662.249	511.52847	6653.6514	5231.4194	4635.624	2454.4324	7419.4873	1043.9496	1000.0	1000.0	175000	428.81662	177.09923	676.61053	-44.329662	-431.7533	43.259335	2117.778357028961
36	6310.0205	318.99115	6674.384	5796.684	5373.7744	2009.6526	7364.724	527.8627	1000.0	1000.0	180000	442.17407	177.44739	688.299	-46.731907	-444.95514	44.50228	2176.1919441223145
37	5341.148	1453.9694	6760.16	2556.9863	6055.132	1463.2185	7233.7144	2978.4985	1000.0	1000.0	185000	452.7958	179.8154	698.27045	-45.65206	-456.2545	48.01247	2234.9530079364777
38	5802.6597	1587.648	7430.5835	3036.549	6340.321	1257.1879	7463.1636	2880.112	1000.0	1000.0	190000	464.66858	180.60646	711.0848	-59.51192	-467.41214	50.519882	2297.9555010795593
39	6269.087	1010.77246	7123.431	4294.369	7058.835	172.83334	7271.781	6765.793	1000.0	1000.0	195000	475.86234	180.44899	717.2011	-44.737034	-478.5814	49.105656	2356.493355035782
40	6980.697	280.15277	7216.777	6430.002	6494.049	1421.3375	7364.5674	2323.6133	1000.0	1000.0	200000	488.05856	179.9926	730.41486	-32.38136	-490.7572	47.958576	2421.883380174637
41	5729.512	1640.395	7122.9185	2853.3533	6476.351	1140.8625	7201.0464	3236.188	1000.0	1000.0	205000	498.91385	181.23381	740.4404	-30.913853	-501.8288	48.447437	2480.6328542232513
42	5852.7344	2688.9597	7506.9863	500.54285	6274.635	1883.1309	7592.092	1036.709	1000.0	1000.0	210000	506.37015	184.20163	770.04584	-27.663818	-509.0614	49.727184	2541.3333971500397
43	7203.242	607.93207	8163.2544	6291.527	7080.6494	2076.548	8147.4434	887.21844	1000.0	1000.0	215000	515.7358	186.00255	783.25635	-38.374035	-518.376	50.12336	2602.8803820610046
44	7460.595	121.081665	7584.2437	7236.786	7498.526	353.53854	7801.7266	6527.7295	1000.0	1000.0	220000	525.95526	187.88467	794.87946	-41.289806	-528.0957	50.761406	2664.2765531539917
45	7467.3135	156.32677	7610.563	7174.5693	7587.6367	612.9779	8381.6	6080.4565	1000.0	1000.0	225000	536.2514	189.69759	801.33344	-57.378098	-539.2855	51.44309	2723.82967209816
46	6326.132	1861.7668	7446.7954	2617.3523	7528.3164	1150.1523	8238.951	4189.1797	1000.0	1000.0	230000	544.64044	192.7384	814.8301	-62.391483	-547.0922	52.87086	2782.3739240169525
47	7681.169	194.20844	7911.896	7429.2266	6553.456	2603.3767	8129.7627	755.9381	1000.0	1000.0	235000	554.32965	195.02031	830.5803	-65.82626	-557.1249	50.976295	2846.1094591617584
48	7159.3896	990.5795	8043.781	5547.196	7283.447	2221.2332	8290.542	627.65295	1000.0	1000.0	240000	564.0416	197.12376	834.8758	-66.50987	-566.588	52.7348	2903.6640751361847
49	4856.1943	2559.415	7898.411	2104.2053	7763.753	1107.2468	8698.42	4578.2925	1000.0	1000.0	245000	570.0681	201.06128	843.3651	-72.30775	-572.55945	55.3018	2961.024472951889
50	7835.324	401.87408	8215.287	7075.445	7024.518	1503.3251	8381.8	3852.9932	1000.0	1000.0	250000	577.7304	204.46452	851.4364	-79.99332	-580.6667	57.112488	3018.080574989319
51	7598.448	561.26843	8011.439	6485.325	6932.665	2395.471	8472.04	654.4136	1000.0	1000.0	255000	587.4548	205.64864	856.93774	-90.82325	-590.5037	56.3501	3078.210035085678
52	7769.253	541.06665	8468.168	6891.141	7841.757	2268.951	8997.808	1074.0455	1000.0	1000.0	260000	595.4169	207.68864	868.12915	-93.64892	-599.0289	56.80964	3137.912234067917
53	6960.3774	2179.937	8948.094	2797.1418	7895.874	2150.2422	9063.193	1613.53	1000.0	1000.0	265000	602.15155	210.80759	879.4194	-96.847534	-605.2762	58.20514	3196.797481060028
54	7805.677	632.8822	8487.533	6790.0195	7657.513	1770.3004	8633.747	2387.6313	1000.0	1000.0	270000	610.0001	213.09288	885.7539	-98.75143	-613.0158	59.975475	3252.2547101974487
55	6186.458	3073.2039	8231.163	75.54717	8152.492	421.0373	8798.589	7167.1826	1000.0	1000.0	275000	617.05695	215.3995	897.51086	-101.06024	-619.4747	60.852444	3306.10671710968
56	6668.056	2538.3643	8318.362	1624.3114	7820.6377	1745.6375	8818.432	2628.5867	1000.0	1000.0	280000	622.81635	218.2234	903.64484	-104.32591	-625.8384	62.5481	3359.4376652240753
57	6668.721	3404.886	8833.967	-101.71822	8141.3374	861.89996	9173.43	6054.19	1000.0	1000.0	285000	627.6142	220.96976	907.2999	-107.14833	-629.7185	62.44447	3418.617665052414
58	7037.5415	1952.4697	8510.009	3187.9294	8174.7227	2415.6045	9169.201	939.55225	1000.0	1000.0	290000	632.91406	224.2121	913.9291	-108.920074	-635.8207	64.080826	3472.631803035736
59	8504.956	242.78435	8764.516	8054.112	8603.811	242.25447	9105.185	8161.724	1000.0	1000.0	295000	639.0972	226.91986	917.1114	-110.55222	-641.7388	64.55308	3527.283710002899
60	7162.5977	2588.7605	8729.914	2011.1666	8106.797	785.34875	9086.958	5955.7124	1000.0	1000.0	300000	645.63873	228.92589	922.8374	-112.28101	-648.5017	67.3348	3581.2465538978577
61	8314.527	249.03041	8686.847	7981.618	8905.228	300.3965	9452.441	8443.377	1000.0	1000.0	305000	650.899	231.50044	926.9623	-108.120445	-653.7148	67.17669	3638.279203891754
62	8636.213	201.11586	8935.126	8356.84	9297.681	468.3897	10060.922	8309.992	1000.0	1000.0	310000	657.98645	231.38422	936.64075	-109.69224	-660.9644	67.11531	3691.479117155075
63	8947.683	455.225	9614.042	8291.093	9097.237	120.59709	9310.428	8874.942	1000.0	1000.0	315000	665.8378	230.13116	940.57477	-105.00438	-667.8906	67.2832	3744.6145071983337
64	8367.412	378.7376	8805.265	7826.4146	7842.9736	2245.1453	9591.626	2124.057	1000.0	1000.0	320000	672.157	229.4669	956.039	-103.05966	-675.1337	66.99058	3801.1735990047455
65	8489.197	395.44434	8861.847	7766.963	9418.071	200.33058	9849.947	9005.792	1000.0	1000.0	325000	678.41003	228.43344	952.73505	-105.34183	-681.3798	66.091156	3854.7308990955353
66	8783.2705	126.26865	8884.835	8545.46	7842.296	1793.688	9999.696	4544.766	1000.0	1000.0	330000	684.449	228.19511	955.4351	-119.547066	-687.0539	66.47257	3908.6957581043243
67	8429.191	304.16843	8975.475	8085.9897	8365.137	2601.0637	10192.535	1138.6132	1000.0	1000.0	335000	691.12494	227.37851	964.55206	-122.5036	-694.03674	69.71166	3963.1974201202393
68	9041.88	470.61493	9694.795	8404.208	8064.8374	2939.0688	9826.363	1933.1588	1000.0	1000.0	340000	697.60645	226.77928	967.86334	-119.13025	-700.7737	66.32775	4021.0582580566406
69	9064.446	298.98682	9468.107	8730.34	9278.075	852.9513	9862.87	6818.229	1000.0	1000.0	345000	703.4333	226.387	989.03455	-115.78387	-706.3917	70.26861	4075.1403348445892
70	8545.552	628.6173	9396.613	7571.203	9542.372	239.49165	9789.816	8969.507	1000.0	1000.0	350000	709.49146	225.67108	987.89185	-103.16463	-712.3373	70.68395	4129.550631046295
71	9243.927	182.82002	9484.446	8930.412	9401.329	199.40466	9724.801	9009.962	1000.0	1000.0	355000	714.8722	225.62476	996.6524	-97.38426	-717.4092	68.03851	4186.346549034119
72	9224.842	309.52127	9752.431	8824.6045	9108.004	2384.0125	10600.33	2132.4817	1000.0	1000.0	360000	721.1338	225.791	1006.4776	-102.071434	-724.3163	67.10538	4254.858608961105
73	9215.572	280.2221	9583.906	8843.02	8831.973	2663.6816	10196.819	897.332	1000.0	1000.0	365000	726.9893	225.1075	1007.5865	-107.18372	-729.6973	66.43669	4312.856547117233
74	9002.267	376.2065	9643.629	8538.934	9086.225	595.29205	10048.03	7808.394	1000.0	1000.0	370000	731.89136	225.76256	1010.8223	-107.02456	-734.5579	64.9402	4367.296324968338
75	8850.117	303.38074	9273.101	8498.133	9302.649	1064.6212	10367.93	6246.5176	1000.0	1000.0	375000	736.8746	225.0563	1016.496	-106.27358	-740.5111	63.02756	4425.356229066849
76	9086.449	519.5179	9834.29	8212.116	9430.529	503.48706	10201.472	8604.769	1000.0	1000.0	380000	742.22577	224.13591	1023.5985	-94.51579	-745.3262	65.9288	4480.268167972565
77	9102.094	412.47086	9597.881	8354.399	8582.697	2092.2273	10706.854	4747.7544	1000.0	1000.0	385000	746.82056	223.40498	1028.0328	-83.550896	-749.9405	66.43736	4534.70778298378
78	9244.551	238.2948	9504.261	8803.286	9912.88	1598.1702	10824.525	5168.6064	1000.0	1000.0	390000	752.5345	220.69012	1026.0419	-73.590294	-755.7386	66.921196	4589.541306972504
79	9305.235	341.4744	9834.568	8846.999	9307.957	1179.5548	10155.33	6010.971	1000.0	1000.0	395000	756.9074	220.02324	1038.8088	-56.862198	-760.0707	66.532684	4656.131748914719
80	8531.93	1162.0115	9535.834	6853.623	9074.971	2105.24	10397.735	4374.1685	1000.0	1000.0	400000	761.0812	218.94006	1037.0334	-33.4404	-763.9593	66.44966	4730.610908985138
81	9048.932	312.22595	9527.481	8699.404	9691.213	1643.8954	10889.477	5020.5146	1000.0	1000.0	405000	765.4572	217.97885	1041.9543	-22.018913	-767.9016	66.6301	4812.558407068253
82	9797.771	396.881	10366.631	9120.7295	8687.193	2302.0227	10230.996	2830.9072	1000.0	1000.0	410000	770.4795	216.86015	1049.6123	-12.136518	-773.2278	68.13642	4890.730319976807
83	9422.533	530.759	10245.429	8844.26	8477.854	2581.4512	9994.868	1463.2957	1000.0	1000.0	415000	774.901	216.84035	1056.2566	-3.48765	-777.74994	67.5399	4969.632076025009
84	9042.159	470.75653	9458.693	8145.406	8791.861	1993.4403	10575.877	3646.7263	1000.0	1000.0	420000	779.67456	215.89075	1058.1362	16.772438	-782.2293	70.67445	5046.909875154495
85	9606.559	166.44833	9767.39	9295.535	9651.982	243.62277	10083.279	9170.068	1000.0	1000.0	425000	782.67004	217.59697	1056.6265	9.35586	-785.3013	68.07061	5125.261854171753
86	9176.989	196.90614	9433.848	8870.5	10160.805	470.1354	10724.254	8890.272	1000.0	1000.0	430000	787.0418	216.84099	1058.7147	17.915142	-789.75476	73.098015	5213.602796077728
87	9374.293	394.94418	9714.329	8721.339	9699.471	1042.68	10659.9795	6972.959	1000.0	1000.0	435000	790.48206	217.166	1065.7755	17.00986	-793.4171	70.5121	5293.003168106079
88	8960.016	1414.7428	9943.701	6170.574	9972.083	532.72125	10494.134	8724.172	1000.0	1000.0	440000	793.80725	218.11183	1076.223	20.765427	-796.9233	70.33418	5374.878299951553
89	9841.75	162.02524	10019.737	9592.493	9016.556	2228.1062	10414.604	3008.9639	1000.0	1000.0	445000	798.2131	218.6308	1073.6748	23.017498	-800.6858	70.76666	5460.097613096237
90	9060.008	1483.0361	10160.935	6118.1113	8045.7476	2374.11	10173.144	4162.4336	1000.0	1000.0	450000	799.945	220.67102	1077.9607	28.926147	-803.0587	75.52179	5542.963773012161
91	9780.102	329.06604	10118.465	9188.171	9231.374	2938.0225	11032.893	581.4633	1000.0	1000.0	455000	803.3224	220.94753	1081.0652	36.293156	-806.74146	73.7887	5624.864861965179
92	10185.498	203.17235	10514.409	10005.225	9734.467	1052.2783	10572.914	6985.5444	1000.0	1000.0	460000	807.1879	221.021	1081.5918	29.25786	-809.4635	75.93886	5708.528188943863
93	8901.348	1419.6545	10006.598	6364.517	10272.979	625.62384	11021.57	8686.816	1000.0	1000.0	465000	809.91595	223.27588	1095.9313	20.190163	-812.067	77.01903	5796.947327136993
94	9079.591	1097.4386	10281.122	7131.0186	9119.492	2647.5422	10916.388	2263.1318	1000.0	1000.0	470000	811.9018	225.07306	1091.7621	3.464293	-813.8022	73.08687	5901.2271728515625
95	9479.03	379.0355	9799.926	8764.51	7695.354	3858.3865	10923.569	1576.0741	1000.0	1000.0	475000	814.47266	226.36267	1092.1771	2.7633433	-817.74335	76.6859	5996.525614976883
96	9835.761	498.8864	10464.652	9117.099	8610.933	2661.2961	10740.648	2139.5078	1000.0	1000.0	480000	817.7524	227.54272	1095.4062	-15.761411	-820.4077	81.837616	6054.631906032562
97	10135.656	502.11597	10835.187	9305.717	10721.299	340.22467	11191.631	10136.203	1000.0	1000.0	485000	820.48004	229.17303	1095.5204	-12.40128	-823.3346	81.91384	6122.951043844223
98	9729.009	1113.085	10732.525	7573.1943	9862.86	1376.3121	10815.899	5916.3965	1000.0	1000.0	490000	823.54816	229.48705	1099.399	-10.21184	-826.4272	78.46985	6204.360841989517
99	9751.784	502.9223	10454.379	9270.018	9771.777	1930.1074	11181.213	4755.5767	1000.0	1000.0	495000	825.84985	232.14502	1104.8375	-22.641266	-828.5964	80.46174	6287.719838142395
