Epoch	AverageEpRet	StdEpRet	MaxEpRet	MinEpRet	AverageTestEpRet	StdTestEpRet	MaxTestEpRet	MinTestEpRet	EpLen	TestEpLen	TotalEnvInteracts	AverageQ1Vals	StdQ1Vals	MaxQ1Vals	MinQ1Vals	AverageQ2Vals	StdQ2Vals	MaxQ2Vals	MinQ2Vals	LossPi	LossQ	Time
1	-243.43745	58.607838	-188.13089	-322.68665	-582.12115	42.65527	-499.00632	-656.6726	1000.0	1000.0	5000	2.4106133	2.912269	18.112978	-4.7667875	2.4109313	2.9131975	17.66032	-5.0905056	-3.693957	0.45812374	41.843616008758545
2	-253.56108	53.720665	-186.35393	-326.81625	-683.57477	111.095146	-588.78955	-928.22363	1000.0	1000.0	10000	14.430666	7.9634986	49.124573	-7.1574116	14.431735	7.9641967	50.469387	-7.607893	-17.746172	2.0906315	82.81110310554504
3	-470.53662	254.78802	-7.8950357	-758.24023	-546.31586	55.18815	-436.3637	-602.86237	1000.0	1000.0	15000	30.305073	12.485117	64.74856	-26.742886	30.30614	12.485429	65.59296	-25.914562	-32.567944	4.15606	129.07934308052063
4	-315.8886	143.12079	-120.65356	-505.1277	-249.85274	347.8383	441.27518	-614.0999	1000.0	1000.0	20000	29.7031	15.909537	77.513596	-17.412125	29.703802	15.90933	76.07431	-18.126955	-31.103712	2.8460424	169.27877712249756
5	812.4196	742.13464	1517.4575	-410.32043	21.752853	450.429	1136.8479	-454.92877	1000.0	1000.0	25000	28.561632	20.700224	92.58778	-11.995213	28.562004	20.70124	92.7883	-13.587549	-29.75004	3.0903685	209.78809809684753
6	1986.7219	875.8158	2804.6226	381.05222	1781.2347	1168.1522	3155.3162	159.49026	1000.0	1000.0	30000	36.00625	30.836145	123.74628	-9.278701	36.006283	30.836464	121.70175	-10.677483	-37.43691	5.1857734	248.97179102897644
7	1995.0319	984.11273	3078.9995	223.5	2030.2933	1049.2208	3295.4663	447.047	1000.0	1000.0	35000	48.350983	42.659378	152.852	-11.032736	48.35136	42.660038	154.35837	-10.342929	-50.12545	8.216984	287.4630401134491
8	3152.0894	733.755	3720.2017	1757.6744	2878.4412	187.39807	3258.6104	2585.0847	1000.0	1000.0	40000	67.084854	55.297367	180.37561	-12.547421	67.08499	55.298687	183.33209	-12.123516	-69.13409	11.873818	325.161416053772
9	3730.1606	235.53166	4034.0522	3320.9602	4312.519	117.401375	4505.786	4120.135	1000.0	1000.0	45000	88.74382	65.64096	212.89616	-12.423994	88.74394	65.64228	212.73195	-12.347695	-91.1752	15.682015	362.6734960079193
10	4096.247	390.7434	4524.3936	3392.077	4360.4365	144.89932	4536.8945	4080.08	1000.0	1000.0	50000	112.30931	74.48669	236.32463	-11.477031	112.3095	74.48783	235.94026	-11.525889	-114.727165	17.668455	402.1313591003418
11	4278.8545	242.47237	4650.4927	3910.5574	4710.5986	84.1094	4845.505	4597.577	1000.0	1000.0	55000	135.8572	82.2023	263.2272	-13.13527	135.85796	82.20273	260.4146	-9.355207	-138.5744	19.652994	441.5927851200104
12	4323.333	302.3089	4710.1123	4053.6296	5084.072	105.73803	5243.9717	4894.145	1000.0	1000.0	60000	157.39949	89.05863	287.1924	-13.936687	157.39964	89.05904	288.43094	-15.203399	-160.25607	21.78353	480.1111869812012
13	4932.017	77.34396	5015.6865	4814.0654	4109.324	1318.5297	4933.0547	851.57135	1000.0	1000.0	65000	178.59453	94.979485	307.68042	-11.894204	178.59459	94.97998	309.17227	-10.460251	-181.21724	22.999966	517.5476541519165
14	4889.2764	319.74878	5192.24	4316.084	5260.4507	97.637856	5401.348	5108.7593	1000.0	1000.0	70000	198.77557	100.093094	331.563	-7.6942196	198.77577	100.09325	331.01218	-6.694008	-201.50322	22.922434	555.8213639259338
15	5078.4087	49.688015	5164.6006	5023.021	4797.4575	1408.8273	5542.9497	591.38446	1000.0	1000.0	75000	218.36601	104.20375	347.81332	-9.611844	218.36586	104.20469	347.7105	-8.358708	-221.1078	23.637434	594.9122669696808
16	5249.3057	137.99747	5408.593	5021.8555	5103.7705	125.4762	5256.1323	4877.4375	1000.0	1000.0	80000	236.42258	108.26179	367.63235	-11.147671	236.42278	108.2619	363.7121	-10.446043	-238.85373	23.77395	669.5008320808411
17	5193.1416	238.42424	5531.504	4828.1895	5495.4507	104.904274	5692.735	5332.217	1000.0	1000.0	85000	253.6154	111.40365	381.65448	-8.3096895	253.6155	111.40404	383.90768	-10.383355	-256.40576	23.994677	768.2962601184845
18	5428.6416	87.87334	5550.03	5321.355	5097.248	1320.1736	5681.48	1141.4865	1000.0	1000.0	90000	269.57843	114.4899	395.11096	-6.71488	269.57864	114.48975	394.4812	-10.3868	-272.22034	25.009977	874.6102252006531
19	5690.441	281.40933	6122.85	5233.8965	6011.359	92.236435	6148.8564	5834.7173	1000.0	1000.0	95000	285.05402	116.80227	412.99374	-15.180824	285.0537	116.8024	415.11533	-12.825532	-287.2777	25.52805	958.7373759746552
20	5685.3726	141.25471	5893.8203	5544.5654	5669.5576	121.90581	5846.327	5396.4604	1000.0	1000.0	100000	299.80484	119.08123	428.5555	-12.0885105	299.80487	119.08122	428.28928	-12.778595	-302.2792	25.847313	1048.250685930252
21	5728.2295	205.54308	5993.7563	5359.492	6100.9014	134.54042	6295.868	5817.748	1000.0	1000.0	105000	313.91815	121.239555	440.73032	-13.254572	313.91827	121.2391	440.3565	-11.000896	-316.6808	26.826824	1157.688486814499
22	5979.055	202.91252	6303.357	5661.7695	6404.802	78.89553	6501.5063	6234.515	1000.0	1000.0	110000	327.70032	123.273254	454.21378	-13.292842	327.70062	123.27223	454.11508	-13.910191	-330.48715	27.146582	1262.7444400787354
23	6175.198	124.610115	6343.878	6006.3438	6416.324	103.350334	6596.8	6269.774	1000.0	1000.0	115000	341.73404	125.160675	469.63126	-15.656308	341.73373	125.15944	468.72455	-12.33655	-344.21384	28.203613	1349.217747926712
24	6218.2354	120.24237	6401.6353	6027.0977	6697.4546	139.504	6885.975	6416.3765	1000.0	1000.0	120000	355.05673	127.33236	482.40698	-12.222752	355.05664	127.332436	483.4362	-19.146116	-357.64688	29.2713	1430.0832540988922
25	6240.532	144.96332	6492.7686	6076.6274	6878.9233	125.21597	7068.187	6637.388	1000.0	1000.0	125000	368.81656	129.04251	495.56033	-32.129345	368.81705	129.04178	502.7349	-17.442554	-371.38235	30.790707	1510.6555449962616
26	6223.122	314.869	6492.8247	5631.156	6683.181	102.65408	6845.3164	6504.538	1000.0	1000.0	130000	381.22348	130.73375	511.79285	-37.80634	381.22314	130.73328	509.02832	-13.940176	-383.6781	30.681774	1594.3842351436615
27	6465.078	125.92893	6582.9883	6224.841	6762.745	60.230324	6839.3066	6642.494	1000.0	1000.0	135000	392.99896	132.37051	541.83936	-24.747267	392.99905	132.3706	539.43896	-21.242062	-395.92215	32.22921	1697.1353211402893
28	6511.6636	93.55336	6628.2456	6365.06	6570.0596	995.6289	7032.2695	3598.496	1000.0	1000.0	140000	404.61417	133.93217	582.3814	-22.756435	404.6139	133.93332	581.86395	-19.736826	-407.32126	33.591408	1787.2867481708527
29	6653.6953	234.6181	6937.4585	6263.5	6823.8516	182.27301	7019.029	6486.538	1000.0	1000.0	145000	415.44354	135.73674	625.01355	-51.4381	415.443	135.73697	639.4776	-32.184517	-417.89484	32.986145	1880.2982149124146
30	6613.5415	176.97835	6880.6353	6345.1943	7179.072	122.52922	7359.79	6971.259	1000.0	1000.0	150000	426.72342	136.47298	645.7802	-32.778454	426.7233	136.47276	636.6302	-20.052809	-429.2748	34.49944	1964.6368780136108
31	6910.522	177.14839	7172.6064	6717.986	6963.6875	135.93036	7172.1357	6778.73	1000.0	1000.0	155000	437.1766	137.98293	654.18835	-30.590775	437.17673	137.98286	650.987	-25.710405	-439.90036	35.496037	2048.3623008728027
32	6599.2407	337.76926	7136.479	6163.043	6759.4766	96.21882	6884.537	6589.0586	1000.0	1000.0	160000	447.1806	138.88338	604.3736	-29.995459	447.18063	138.88405	596.3618	-35.002472	-450.1483	37.216946	2132.8871932029724
33	6896.543	242.95332	7133.2964	6471.958	7564.3306	88.98262	7770.161	7451.023	1000.0	1000.0	165000	455.9634	140.36186	600.16595	-32.384464	455.96353	140.3618	600.0604	-37.56472	-458.5365	37.858063	2213.4431319236755
34	7088.37	164.70183	7300.986	6793.482	7506.5093	103.28001	7636.56	7337.8574	1000.0	1000.0	170000	465.49478	140.98811	608.8155	-32.14451	465.4947	140.98808	608.6747	-31.721067	-468.31866	39.055527	2297.1684651374817
35	7298.866	141.9002	7522.6245	7085.4644	7813.3647	111.83425	8010.183	7616.8384	1000.0	1000.0	175000	474.34872	142.41853	629.713	-33.464348	474.34885	142.41853	634.3691	-32.147415	-477.0521	38.390007	2388.08775806427
36	7233.1455	141.16527	7463.0776	7020.7363	7826.6665	211.19258	8100.433	7390.674	1000.0	1000.0	180000	482.7653	144.32594	636.2349	-30.127748	482.76517	144.32607	638.3378	-30.404491	-485.8727	39.339954	2478.87086892128
37	7417.286	68.66481	7528.7114	7324.9995	7957.9727	74.14553	8053.906	7819.1333	1000.0	1000.0	185000	490.60553	148.05327	651.07715	-173.76337	490.60556	148.05313	651.2363	-157.22374	-493.3992	40.604492	2575.7330930233
38	7649.7876	169.1564	7887.092	7445.94	8216.575	130.45349	8475.829	8036.9443	1000.0	1000.0	190000	497.8479	155.9763	656.0406	-554.7546	497.84845	155.97626	659.17834	-543.8262	-500.35785	43.7377	2668.3516039848328
39	7529.337	123.72602	7717.511	7344.271	8011.1665	438.2687	8416.408	6783.7515	1000.0	1000.0	195000	506.17184	159.57771	669.1349	-561.9386	506.171	159.5793	671.24817	-570.7889	-508.70844	46.17213	2765.6688079833984
40	7495.247	250.23738	7910.4854	7222.052	7571.056	1747.963	8265.22	2331.848	1000.0	1000.0	200000	514.96216	155.67451	674.2299	-424.99084	514.96204	155.67432	670.9401	-436.98117	-518.091	46.37552	2848.352560043335
41	7718.1484	165.89938	7928.4336	7475.9697	8177.456	133.04619	8368.054	8001.872	1000.0	1000.0	205000	524.4362	150.67001	677.72516	-183.38593	524.43585	150.67044	679.60767	-192.45331	-527.1555	44.491577	2932.5315940380096
42	7329.375	998.1652	7995.5005	5342.44	7870.243	59.862133	7953.355	7799.4043	1000.0	1000.0	210000	530.7046	151.71718	686.1316	-147.54633	530.70404	151.71956	687.5046	-144.9075	-533.6444	44.92949	3021.061240196228
43	7666.2515	182.63132	7910.377	7345.859	8350.378	199.6202	8650.517	8049.362	1000.0	1000.0	215000	538.8893	151.04515	692.2796	-134.09833	538.88873	151.04881	694.63306	-131.9128	-541.8225	46.642212	3107.9846489429474
44	7906.8647	118.54517	8050.735	7700.364	8415.732	109.15023	8548.202	8195.026	1000.0	1000.0	220000	545.9251	151.92003	711.659	-148.0307	545.92487	151.92195	712.4744	-176.9587	-548.83795	47.323368	3200.1306190490723
45	7801.302	239.5336	8132.444	7505.3276	8338.306	118.79076	8502.458	8079.05	1000.0	1000.0	225000	553.23724	153.12561	720.5871	-112.01891	553.23676	153.12712	721.32355	-110.50602	-556.143	48.249157	3286.644147872925
46	7856.7227	110.850914	8010.714	7667.1597	8349.949	71.04364	8443.82	8244.139	1000.0	1000.0	230000	560.8348	153.21625	727.3822	-92.20682	560.83514	153.21745	727.5578	-81.090355	-563.9408	50.73191	3378.72150015831
47	8047.241	56.62251	8139.6787	7973.93	8377.599	308.64417	8675.356	7631.7573	1000.0	1000.0	235000	567.12213	155.16573	732.9279	-71.89443	567.12146	155.16647	730.91974	-82.02057	-570.02057	49.382042	3479.3113799095154
48	8098.0127	106.34246	8289.622	7977.7207	8133.551	91.331635	8307.095	7990.5757	1000.0	1000.0	240000	573.93524	156.18376	738.5571	-89.8359	573.9351	156.18498	737.62317	-90.07653	-576.8054	49.13111	3569.056582212448
49	8016.6357	277.23965	8363.856	7548.4463	8719.986	115.84495	8856.294	8463.153	1000.0	1000.0	245000	580.1995	156.77058	744.39886	-71.26692	580.19934	156.77127	748.1382	-64.837845	-582.9392	50.47513	3654.2488420009613
50	8050.767	221.58223	8396.534	7726.4976	8800.809	116.11858	8976.881	8637.035	1000.0	1000.0	250000	585.7783	157.81343	746.8228	-128.00043	585.77905	157.81488	747.6025	-155.4595	-588.6514	50.748177	3749.1500549316406
51	8228.469	128.05876	8456.581	8095.617	8600.003	63.161873	8739.231	8506.928	1000.0	1000.0	255000	591.6503	158.10684	751.9334	-77.34748	591.64954	158.10803	753.5152	-85.58614	-594.2149	51.567036	3833.5257620811462
52	8023.573	235.2768	8346.515	7776.721	8760.059	110.10055	8894.914	8516.965	1000.0	1000.0	260000	597.09644	157.89685	755.8678	-109.371704	597.0958	157.89832	757.7899	-122.83973	-599.96533	51.88569	3919.8786239624023
53	8277.761	165.52661	8428.781	7974.1987	8970.424	133.23175	9172.343	8761.412	1000.0	1000.0	265000	603.4396	155.98062	759.7372	-76.012695	603.43945	155.98122	765.44885	-77.01404	-605.7777	50.98602	4013.2123589515686
54	8348.799	106.80104	8477.251	8223.024	8604.953	207.66821	8883.219	8128.5293	1000.0	1000.0	270000	608.64026	155.91942	764.40454	-69.946236	608.63983	155.92099	767.08276	-67.2202	-611.2475	51.290527	4093.5427300930023
55	8331.764	186.91594	8562.017	8121.092	8536.185	184.43317	8842.763	8266.23	1000.0	1000.0	275000	613.9359	155.16992	773.3357	-80.62439	613.9364	155.17027	776.5727	-69.3603	-616.35486	52.353436	4179.903156042099
56	8154.4087	220.15028	8428.36	7882.148	8871.496	104.68223	9031.889	8721.178	1000.0	1000.0	280000	618.24347	155.66437	775.41113	-77.97416	618.2435	155.66577	777.9487	-63.925243	-621.0107	53.628212	4282.692337274551
57	8490.419	210.01305	8652.693	8086.2607	8887.43	185.28177	9136.357	8526.274	1000.0	1000.0	285000	622.887	155.12653	777.1208	-65.113495	622.8869	155.12767	775.95355	-69.85781	-624.894	52.19535	4384.022572994232
58	8354.376	260.6031	8608.279	7879.208	8952.732	151.05212	9173.148	8748.923	1000.0	1000.0	290000	627.4261	154.2126	783.93085	-67.40645	627.4258	154.21396	782.26074	-59.406475	-630.1866	53.540524	4471.260231018066
59	8465.098	136.00586	8679.755	8286.954	8525.834	123.183586	8708.683	8275.319	1000.0	1000.0	295000	631.31714	154.26239	784.0312	-83.78319	631.3168	154.26373	783.46326	-66.631065	-634.1365	55.187786	4562.544147014618
60	8396.393	123.41635	8556.572	8240.543	9143.622	160.08005	9402.255	8887.423	1000.0	1000.0	300000	635.6912	153.99847	789.75226	-63.959213	635.6911	153.99896	787.5747	-78.202225	-638.3869	56.79946	4652.329070091248
61	8470.081	185.74736	8656.931	8131.9023	9011.65	63.553368	9092.04	8890.624	1000.0	1000.0	305000	639.61	154.05894	794.34576	-78.7726	639.6098	154.06013	794.16187	-71.996956	-642.5136	56.676964	4739.276134967804
62	8488.874	172.20726	8705.172	8203.403	8872.858	108.40162	9068.569	8727.943	1000.0	1000.0	310000	643.18243	154.3323	795.9176	-75.377235	643.18176	154.33392	797.4191	-74.95244	-645.76874	58.0385	4833.8901720047
63	8383.268	157.51445	8625.95	8136.6465	8963.936	95.313324	9152.557	8855.794	1000.0	1000.0	315000	646.4867	154.46527	800.07477	-70.96854	646.48663	154.46558	798.97687	-67.023994	-648.9336	57.441807	4927.59442615509
64	7292.1875	2589.0222	8749.29	2117.2754	8891.828	166.26196	9077.998	8519.87	1000.0	1000.0	320000	648.94055	156.48204	802.1973	-195.94333	648.9409	156.48398	802.8122	-174.51324	-651.5471	59.403774	5018.256386041641
65	8532.028	169.36581	8823.923	8311.283	9158.948	150.97862	9434.78	8954.9	1000.0	1000.0	325000	651.6663	157.13934	806.006	-238.85376	651.66626	157.1417	802.52637	-208.64455	-654.10425	59.116856	5124.380755901337
66	8706.067	141.41084	8834.8125	8447.637	8899.291	90.926605	8996.203	8704.004	1000.0	1000.0	330000	654.8292	156.60527	804.46234	-224.93982	654.829	156.60545	804.0776	-247.15146	-657.29724	57.96219	5222.305200099945
67	8681.84	175.08234	8890.912	8411.865	9133.83	112.89534	9377.23	8980.691	1000.0	1000.0	335000	657.56494	156.9067	808.75134	-160.74567	657.56445	156.90802	808.683	-145.13852	-659.5823	57.61355	5311.194054841995
68	8578.814	146.1921	8861.229	8444.096	8901.993	226.75266	9171.889	8461.739	1000.0	1000.0	340000	660.803	156.14653	815.1897	-117.37431	660.8033	156.14644	814.5798	-161.71043	-663.8631	56.36387	5398.506956100464
69	8596.894	208.57509	8785.88	8193.753	9212.854	112.58294	9313.228	8949.376	1000.0	1000.0	345000	663.6699	155.81015	816.15924	-99.13022	663.6701	155.81134	813.3942	-96.7721	-666.2304	56.99254	5491.732154130936
70	8577.335	225.58391	8843.627	8172.0947	9192.417	100.603325	9331.473	9023.673	1000.0	1000.0	350000	666.3862	156.3053	819.2526	-129.81364	666.38654	156.30493	825.3521	-143.0749	-669.3631	58.125237	5585.473236083984
71	8718.734	96.36557	8838.083	8566.356	8945.836	156.01779	9156.557	8612.955	1000.0	1000.0	355000	669.0375	156.86076	820.1052	-65.25774	669.03796	156.86082	821.95984	-70.842636	-671.4869	57.898426	5672.805649280548
72	8648.611	75.213005	8778.382	8548.042	9379.315	171.53651	9673.345	9131.435	1000.0	1000.0	360000	671.59546	156.95782	826.5354	-51.48439	671.5947	156.95934	824.4957	-52.438427	-674.22955	56.442562	5763.7714920043945
73	8418.892	258.04315	8739.485	8067.1294	9102.315	134.20796	9268.496	8860.629	1000.0	1000.0	365000	674.56946	155.47644	825.81415	-66.855995	674.56946	155.47717	827.7324	-65.77582	-676.83276	55.750263	5855.328161001205
74	8578.5	167.67851	8793.761	8336.04	9200.853	87.21871	9321.914	9094.949	1000.0	1000.0	370000	677.5253	154.30429	826.87	-78.41245	677.5247	154.30641	828.49725	-79.15269	-680.28986	55.69826	5945.763313055038
75	8713.404	106.96629	8896.256	8603.83	9526.719	107.42539	9697.905	9327.932	1000.0	1000.0	375000	679.9121	154.92876	828.60596	-80.90731	679.91223	154.93019	831.8601	-86.45231	-682.13336	55.1912	6035.487720966339
76	8709.956	143.302	8850.065	8463.743	9454.295	137.21861	9652.496	9197.447	1000.0	1000.0	380000	681.94214	154.75107	828.35266	-82.62235	681.9422	154.75208	831.039	-84.56595	-684.6333	53.482662	6138.721134185791
77	8843.544	153.46846	9061.077	8651.31	9082.744	249.5736	9420.436	8520.071	1000.0	1000.0	385000	685.04236	153.4472	834.66394	-78.342476	685.0421	153.44807	835.2759	-79.91677	-687.4747	53.369373	6227.896950006485
78	8822.352	105.26085	8948.672	8707.907	9341.761	110.34916	9589.746	9180.441	1000.0	1000.0	390000	687.3403	152.99847	834.02826	-94.41606	687.34045	152.99918	835.7426	-115.7867	-689.6495	55.035862	6313.085282087326
79	8841.67	208.36386	9193.876	8585.68	9403.244	98.23245	9562.839	9253.199	1000.0	1000.0	395000	689.1597	152.63498	833.2645	-104.99123	689.1595	152.63579	834.489	-111.1524	-691.5585	52.683464	6411.523844003677
80	7883.7837	1478.9946	8783.684	4946.148	8868.405	112.53569	9121.594	8665.705	1000.0	1000.0	400000	691.0956	153.24075	833.6672	-88.13013	691.0951	153.24098	835.17664	-93.09897	-693.49713	52.88435	6502.301859140396
81	8655.678	235.69958	8899.796	8344.614	9437.235	132.76926	9585.508	9223.7	1000.0	1000.0	405000	692.7259	154.46483	839.48114	-244.97284	692.726	154.46478	837.3096	-233.45546	-695.2002	56.1298	6597.539767980576
82	8762.184	200.99	9144.789	8570.23	8870.214	1816.8451	9750.97	3449.2834	1000.0	1000.0	410000	694.8354	154.12387	842.2061	-156.1373	694.83545	154.12407	845.4871	-125.21369	-697.4484	58.214962	6684.788956165314
83	8633.966	351.55792	9105.806	8047.4956	9176.229	233.81717	9453.438	8791.492	1000.0	1000.0	415000	697.2123	153.31573	842.5141	-129.58475	697.2124	153.31462	839.47394	-161.04555	-699.5582	59.964024	6771.504287958145
84	8582.666	255.81415	8997.419	8320.348	9445.508	140.58087	9648.937	9162.049	1000.0	1000.0	420000	698.5596	154.07898	840.70465	-122.59151	698.5596	154.07928	841.29083	-114.20563	-701.0373	59.325954	6866.463821172714
85	8594.115	117.64558	8787.497	8472.45	9222.01	170.8775	9402.309	8819.628	1000.0	1000.0	425000	700.1717	154.27322	845.1987	-160.28722	700.17224	154.27225	844.16364	-145.18251	-702.8989	59.77936	6951.538099050522
86	8803.735	307.64908	9043.16	8202.469	9316.041	77.062	9468.961	9205.851	1000.0	1000.0	430000	701.7545	153.57272	849.55743	-137.84428	701.7542	153.57239	847.7973	-158.55806	-703.9625	63.219143	7056.7807149887085
87	8614.029	115.72032	8793.0	8494.109	9527.046	151.58263	9688.9	9203.074	1000.0	1000.0	435000	703.10846	153.50081	843.2231	-126.91556	703.10913	153.50095	843.7383	-140.71289	-705.4313	61.915188	7150.968737125397
88	8983.859	174.29002	9309.1455	8791.721	9487.54	98.1957	9582.269	9237.322	1000.0	1000.0	440000	705.12573	152.40057	850.2654	-98.718285	705.1253	152.40234	847.23895	-100.598076	-707.6829	57.92578	7238.782224178314
89	8764.979	161.13452	8926.743	8463.347	9012.092	179.92636	9292.732	8702.962	1000.0	1000.0	445000	706.8902	151.94585	846.2621	-108.375534	706.8898	151.94586	846.6053	-115.11415	-709.1946	61.755676	7326.331090927124
90	8663.398	190.91928	8911.511	8423.778	9390.799	168.24174	9596.836	9036.261	1000.0	1000.0	450000	708.35693	151.30672	846.8831	-175.41833	708.35706	151.30757	847.7409	-172.34383	-711.03595	61.1669	7415.406074047089
91	8885.969	101.42421	9028.571	8718.41	9328.8125	192.29068	9554.048	8915.916	1000.0	1000.0	455000	709.87787	150.9135	850.9362	-180.7539	709.87787	150.91322	847.9407	-191.91365	-712.10046	62.305912	7511.5403089523315
92	8250.008	1220.187	9191.912	5852.031	9457.158	172.05215	9799.678	9099.835	1000.0	1000.0	460000	710.38727	152.52379	850.58594	-235.16924	710.38794	152.52151	853.0584	-221.228	-712.8431	64.9312	7597.78136920929
93	8723.367	188.13992	9082.285	8570.015	9388.869	123.1967	9593.128	9149.654	1000.0	1000.0	465000	711.64813	152.51834	850.459	-251.8653	711.64795	152.51964	848.27594	-216.8882	-714.1221	67.0025	7688.048217058182
94	8927.463	193.917	9139.436	8577.437	9753.801	117.96211	9939.001	9579.728	1000.0	1000.0	470000	712.3737	153.13051	851.18756	-242.02144	712.3736	153.13043	855.2595	-169.23032	-714.5723	64.29909	7782.195810079575
95	8971.599	157.53568	9102.534	8692.579	9457.065	170.8428	9691.9	9032.195	1000.0	1000.0	475000	713.42444	152.62923	852.86774	-150.23021	713.4243	152.62901	851.77826	-157.51237	-715.8237	65.01376	7869.916085958481
96	9071.422	125.67494	9252.41	8906.506	9523.752	113.966515	9690.0	9342.828	1000.0	1000.0	480000	714.8864	151.63054	849.9505	-191.08514	714.8862	151.63013	849.94727	-200.80676	-717.4393	63.32606	7970.805318117142
97	8910.393	117.742294	9102.315	8750.6455	9330.875	107.62652	9518.022	9158.992	1000.0	1000.0	485000	716.74005	150.83476	852.05457	-155.24297	716.7399	150.8332	850.40216	-141.09587	-718.5215	62.421986	8061.975378990173
98	8832.689	231.95251	9097.078	8410.984	9586.555	133.42702	9800.767	9383.011	1000.0	1000.0	490000	717.9632	150.21512	856.7143	-186.38597	717.9635	150.21362	855.7293	-117.71566	-720.1455	63.751724	8153.940643072128
99	8959.645	232.26013	9193.424	8557.59	9609.196	156.55281	9840.561	9283.994	1000.0	1000.0	495000	719.13794	150.12248	858.0826	-127.729065	719.13794	150.1225	860.36523	-121.59232	-721.4711	58.633564	8240.920545101166
100	8822.0625	236.659	9072.322	8443.494	9723.589	122.14785	9896.627	9456.762	1000.0	1000.0	500000	720.9664	149.17642	859.86835	-139.60611	720.9662	149.17577	858.28235	-182.46556	-723.2809	60.45946	8328.221686124802
101	9036.146	165.51323	9262.99	8750.716	9698.506	86.744514	9835.56	9542.921	1000.0	1000.0	505000	722.2708	148.7131	864.0775	-278.6108	722.2709	148.71248	865.2254	-234.09146	-724.73413	64.28393	8418.450297117233
102	8941.898	146.83794	9187.866	8801.133	9372.846	160.19469	9583.875	9156.32	1000.0	1000.0	510000	723.1808	148.78526	861.20624	-166.21524	723.1815	148.78381	863.8331	-169.62883	-725.0741	60.42025	8510.15663099289
103	8905.289	435.99094	9245.65	8043.1743	9610.06	94.486275	9770.372	9486.486	1000.0	1000.0	515000	724.5313	148.4229	861.7357	-130.64787	724.53076	148.4232	866.4346	-171.76868	-726.95856	60.322006	8598.014379024506
104	8975.294	280.48273	9345.64	8497.194	9384.307	230.82344	9672.611	8739.917	1000.0	1000.0	520000	725.92035	147.91925	861.30505	-147.67839	725.92065	147.91856	864.7707	-169.11511	-727.88763	62.24261	8690.467470169067
105	9140.15	129.12885	9292.223	8965.68	9704.331	114.8759	9895.524	9554.006	1000.0	1000.0	525000	727.1174	147.78027	868.7114	-228.26187	727.1183	147.77882	868.09705	-220.87144	-729.1693	62.35539	8776.939267158508
106	8951.666	142.47237	9175.578	8778.138	9597.382	143.89528	9848.966	9402.275	1000.0	1000.0	530000	728.1761	147.78578	864.9571	-102.20983	728.1765	147.7843	862.4116	-110.575134	-730.3356	61.4177	8875.80500292778
107	9090.841	124.56147	9331.396	8990.214	9741.273	140.4833	9903.649	9473.78	1000.0	1000.0	535000	730.06824	147.04813	867.83044	-122.96617	730.06824	147.04524	870.12756	-102.728264	-732.7414	61.32185	8972.285247087479
108	8957.698	181.10822	9152.709	8652.423	9777.246	91.66174	9865.579	9611.373	1000.0	1000.0	540000	730.52167	147.868	870.3011	-155.3507	730.5218	147.86832	870.9977	-165.10774	-732.7945	61.96888	9062.821129083633
109	9146.219	153.53319	9373.118	8896.083	9895.58	159.04361	10074.914	9558.041	1000.0	1000.0	545000	732.29443	146.99681	869.49316	-96.951004	732.2944	146.99739	870.44055	-127.2583	-734.611	64.66405	9152.427457094193
110	9234.227	176.97261	9448.026	8961.409	9668.474	121.67919	9863.606	9475.76	1000.0	1000.0	550000	733.46436	146.79692	872.7833	-192.43095	733.4645	146.79785	874.49585	-163.7674	-735.3706	64.67925	9256.992202043533
111	8952.153	145.00575	9190.403	8802.711	9811.177	123.681305	10054.003	9685.995	1000.0	1000.0	555000	734.83057	145.83044	874.87646	-130.0684	734.83	145.83102	875.9216	-148.45786	-737.079	62.090958	9359.922886133194
112	9147.49	141.66766	9347.607	8953.049	9812.99	123.23628	10013.076	9589.771	1000.0	1000.0	560000	735.761	146.26495	870.43604	-83.71464	735.76117	146.26514	874.753	-81.78836	-737.8524	61.95558	9450.706246137619
113	9197.815	117.65055	9416.443	9060.677	9666.414	192.01817	9819.778	9206.233	1000.0	1000.0	565000	737.61786	144.61777	874.0675	-134.45062	737.6183	144.6169	874.344	-121.785126	-739.98676	64.61155	9540.55608510971
114	9093.567	50.616894	9161.27	9025.666	9586.315	145.43314	9849.889	9318.266	1000.0	1000.0	570000	738.33057	145.19049	880.7223	-56.999783	738.33093	145.18988	878.2292	-56.832977	-740.1085	60.72288	9628.638623952866
115	9196.209	201.29968	9485.401	8975.781	9892.745	146.28912	10091.454	9606.26	1000.0	1000.0	575000	739.6079	144.50655	877.70013	-98.4961	739.608	144.50868	879.57214	-89.80878	-742.0999	59.717056	9726.889214992523
116	9065.197	325.5172	9543.864	8519.512	10012.27	67.241714	10145.203	9896.373	1000.0	1000.0	580000	740.54474	145.53995	877.5079	-86.74209	740.54443	145.54285	878.31903	-127.25793	-742.7382	61.783836	9816.973414897919
117	9174.504	129.7334	9280.052	8924.617	9756.293	117.85867	9976.099	9549.021	1000.0	1000.0	585000	741.3263	146.68881	879.4508	-160.03105	741.3264	146.68727	878.78516	-165.50269	-743.4518	61.63615	9903.768847227097
118	9246.606	191.69377	9516.845	8919.79	9145.973	1536.5942	9800.986	4564.2607	1000.0	1000.0	590000	742.92926	147.19545	878.6354	-360.30783	742.92975	147.19585	882.79675	-332.5726	-744.7306	61.230526	10003.393061161041
119	9195.406	253.96385	9515.8125	8770.689	9980.503	149.5517	10211.671	9703.455	1000.0	1000.0	595000	744.6256	147.04199	883.18756	-310.17322	744.62555	147.04182	882.818	-311.03775	-746.91266	60.987125	10107.955569267273
120	9290.066	183.84769	9532.64	8987.149	9877.568	121.99413	10057.776	9680.763	1000.0	1000.0	600000	745.97235	146.51457	881.38434	-242.88881	745.9725	146.5155	882.8626	-249.0076	-748.1258	60.868687	10206.544422149658
121	9181.232	61.031822	9279.184	9121.397	9784.729	195.84714	9938.97	9305.04	1000.0	1000.0	605000	747.2102	145.54347	885.51263	-217.851	747.2102	145.54338	884.53284	-191.24144	-749.8011	64.365524	10303.93774008751
122	9195.669	207.4538	9479.015	8917.8545	9922.723	122.27805	10153.167	9711.345	1000.0	1000.0	610000	747.9744	144.52309	884.3776	-167.28212	747.9738	144.52284	884.68054	-179.48206	-750.0283	64.60797	10403.655047893524
123	9034.177	207.81398	9303.658	8677.526	9535.708	267.62512	9896.092	8881.518	1000.0	1000.0	615000	748.743	144.80534	887.86206	-172.55057	748.7435	144.80556	886.4571	-157.55022	-750.8935	65.52509	10497.946875810623
124	9225.521	160.2783	9426.722	9020.88	9272.908	1114.4379	10184.653	6184.9194	1000.0	1000.0	620000	750.4106	142.76646	887.0821	-161.28227	750.41016	142.76677	887.0065	-106.118324	-752.4666	65.86691	10590.763942956924
125	9274.296	182.92223	9495.743	9034.246	9803.406	126.96652	9990.958	9622.139	1000.0	1000.0	625000	750.89966	142.69386	888.283	-221.82903	750.89954	142.6951	887.41077	-222.05353	-752.8049	65.38967	10682.490988016129
126	9295.33	153.39667	9501.992	9059.97	9918.231	97.003204	10040.853	9688.781	1000.0	1000.0	630000	752.0263	141.7817	884.2442	-283.8904	752.0266	141.78491	885.0791	-236.62363	-754.219	63.747326	10774.837502002716
127	9296.401	181.2166	9450.688	8949.565	9924.092	138.08694	10086.794	9596.515	1000.0	1000.0	635000	752.4466	141.66168	888.6004	-224.64442	752.44617	141.66158	888.3363	-170.74638	-754.1882	65.96626	10866.692820072174
128	9337.872	174.98975	9644.725	9122.928	9505.278	199.38538	9834.095	9214.901	1000.0	1000.0	640000	753.646	140.72647	885.7595	-168.33832	753.6463	140.72661	887.6548	-110.501724	-756.0499	63.924213	10959.114579916
129	8975.905	253.64085	9296.607	8608.744	9949.131	125.083115	10187.222	9764.054	1000.0	1000.0	645000	754.115	141.5308	889.8405	-268.23	754.1145	141.53192	887.1323	-228.7114	-756.2657	66.443214	11063.386405229568
130	9333.4	134.00354	9558.705	9174.188	9832.64	116.624275	9992.42	9678.258	1000.0	1000.0	650000	755.7221	139.6891	892.9795	-220.1409	755.72284	139.68797	891.14404	-242.10968	-757.27795	67.180885	11134.359610080719
131	9327.326	233.9949	9651.534	9002.584	9631.541	128.62347	9874.742	9404.517	1000.0	1000.0	655000	755.8262	140.82463	899.31213	-109.46547	755.8261	140.82664	905.14844	-122.60978	-757.7595	64.56785	11175.412379264832
132	9380.361	184.72246	9591.981	9105.517	9767.381	135.01125	9952.922	9548.095	1000.0	1000.0	660000	757.39746	139.79358	900.89874	-54.60568	757.3971	139.79457	895.3642	-60.996067	-759.6123	64.739174	11216.292001008987
133	9436.762	200.35315	9739.734	9180.253	9764.067	109.64548	9975.13	9594.555	1000.0	1000.0	665000	758.17334	140.37311	901.56555	-99.141975	758.17395	140.37157	906.53357	-111.27278	-760.49304	67.14194	11257.775614023209
134	9426.309	189.82146	9648.127	9125.434	9965.323	166.65819	10227.594	9672.942	1000.0	1000.0	670000	758.76044	140.59425	898.9352	-106.777695	758.7603	140.59505	903.87616	-96.75604	-760.7861	62.76573	11298.519349098206
135	9363.811	240.24242	9600.465	9018.38	9866.028	105.472244	10049.682	9734.775	1000.0	1000.0	675000	759.10443	141.36397	897.0984	-133.35625	759.1052	141.3619	897.4488	-110.44199	-761.1984	63.950737	11339.438246965408
136	9413.932	41.49099	9486.488	9364.378	9893.881	160.1008	10083.953	9549.795	1000.0	1000.0	680000	760.5875	139.81305	899.60895	-191.56528	760.58765	139.8143	901.12854	-185.01022	-762.348	67.711754	11380.170548915863
137	9198.917	396.11328	9680.885	8505.034	9901.803	216.22888	10151.338	9494.361	1000.0	1000.0	685000	761.224	140.06995	903.031	-125.760216	761.22455	140.07037	909.5218	-119.28873	-763.4239	66.68524	11420.29176402092
138	9519.773	91.27648	9654.15	9412.771	9859.453	100.038605	10004.637	9722.387	1000.0	1000.0	690000	761.7291	139.8623	898.59955	-199.10472	761.72876	139.86299	906.7229	-181.81923	-763.7593	68.03738	11462.052553892136
139	9271.873	207.05887	9576.792	8967.685	10015.504	131.82545	10227.636	9883.004	1000.0	1000.0	695000	762.48486	139.24545	900.241	-218.54239	762.4852	139.24448	907.3917	-195.35384	-764.7294	64.934395	11506.059471130371
140	9488.895	117.982994	9695.592	9343.016	9965.0205	113.14255	10081.1	9732.855	1000.0	1000.0	700000	763.21466	139.47919	904.0994	-89.83921	763.2146	139.48032	905.9157	-153.67505	-765.4471	66.33315	11548.06220793724
141	9615.825	138.12524	9756.03	9357.678	10002.024	150.53415	10254.392	9701.861	1000.0	1000.0	705000	764.17725	138.92952	904.74347	-144.03848	764.1776	138.92883	907.03015	-135.2452	-765.9581	65.28994	11589.58153295517
142	9458.749	149.62465	9649.024	9217.191	9898.128	254.04889	10234.994	9278.686	1000.0	1000.0	710000	765.01935	138.49866	911.0986	-157.21269	765.01935	138.50034	906.876	-189.87666	-767.29	66.71908	11630.387662172318
143	9284.313	275.31708	9679.564	8857.99	9856.572	138.85567	10031.055	9595.498	1000.0	1000.0	715000	766.784	137.15518	912.7716	-170.6389	766.7838	137.15874	911.0628	-136.47281	-768.7273	65.35521	11673.197664022446
144	8240.001	2443.5386	9747.019	3381.7542	10163.241	158.69142	10388.651	9907.047	1000.0	1000.0	720000	767.7853	137.62387	911.84467	-163.88142	767.78534	137.62317	914.85425	-163.95766	-769.5343	66.13905	11716.672152042389
145	8033.7227	2816.6492	9525.398	2402.6528	9526.299	2278.5767	10441.245	2699.786	1000.0	1000.0	725000	767.7792	139.34647	912.6635	-341.538	767.7795	139.34454	917.8969	-333.8686	-769.7294	69.27639	11760.576606988907
146	9470.139	181.27701	9702.046	9160.4375	10168.471	246.443	10519.364	9574.48	1000.0	1000.0	730000	767.52936	141.92268	914.7399	-317.85376	767.5299	141.92491	913.77484	-489.19476	-769.7653	71.040016	11805.399764060974
147	9427.856	122.19783	9592.773	9226.832	9244.998	2231.2864	10344.525	2577.7942	1000.0	1000.0	735000	768.45435	141.76392	911.57776	-214.08025	768.45496	141.76135	916.7519	-250.33492	-770.5249	69.61387	11850.25151515007
148	7341.357	2779.226	9902.142	3629.9033	9745.193	1141.3204	10337.389	6340.288	1000.0	1000.0	740000	768.7988	144.11151	919.56055	-365.83664	768.79913	144.11116	916.9226	-457.3141	-770.899	69.98056	11894.865185976028
149	9512.159	132.79893	9680.333	9296.686	8958.248	2468.9534	10217.913	1583.7095	1000.0	1000.0	745000	769.45154	145.27515	918.45276	-173.7882	769.45154	145.27666	915.55383	-133.75404	-771.6669	68.4647	11939.300760030746
150	9494.964	125.86	9715.783	9325.039	10276.008	184.31422	10573.257	9905.134	1000.0	1000.0	750000	771.14124	144.4613	924.7818	-378.84454	771.14124	144.46321	927.1842	-361.50787	-773.3381	76.334366	11982.116779088974
151	9394.021	355.689	9918.09	8820.268	10313.402	58.62131	10389.482	10168.887	1000.0	1000.0	755000	771.48126	145.54776	928.181	-322.17166	771.4812	145.547	929.0419	-536.05634	-773.6306	74.1057	12026.159216165543
152	9364.759	286.5892	9684.149	8936.551	10128.881	245.44974	10490.1875	9609.597	1000.0	1000.0	760000	771.8947	145.74106	919.3125	-277.80304	771.8953	145.73778	916.5592	-270.44742	-774.2416	74.189926	12066.715579986572
153	8902.046	951.5754	9805.86	7126.114	10316.867	67.00718	10452.592	10251.821	1000.0	1000.0	765000	772.1797	144.99811	918.7623	-221.31395	772.1795	145.0025	918.6895	-239.41182	-774.4056	74.841446	12108.81632399559
154	9529.568	221.55478	9724.848	9111.797	10270.651	110.50216	10420.322	10071.517	1000.0	1000.0	770000	772.84045	145.15042	920.8324	-193.65161	772.84033	145.15076	922.05286	-212.70967	-774.61914	76.6563	12151.80102610588
155	9667.572	85.08175	9758.371	9524.507	10183.169	103.84923	10348.543	9963.186	1000.0	1000.0	775000	772.9315	145.7871	919.5499	-507.15836	772.9317	145.78874	918.0747	-214.26003	-774.705	82.67943	12194.781272172928
156	9601.502	202.98564	9761.678	9209.905	10136.763	172.87422	10382.301	9771.492	1000.0	1000.0	780000	773.2229	146.65312	916.9808	-385.62903	773.2223	146.65512	915.44745	-357.9986	-774.9761	80.65942	12236.010817050934
157	9644.798	266.8234	10007.493	9269.716	10483.861	131.92682	10701.676	10273.903	1000.0	1000.0	785000	772.8691	150.86334	918.53064	-1014.7273	772.86993	150.86226	918.9801	-977.0992	-774.8421	85.8477	12277.699872970581
158	9794.767	263.56146	10168.921	9419.198	10206.4795	110.06928	10401.682	9991.095	1000.0	1000.0	790000	772.39813	156.47206	916.6282	-1394.9412	772.3985	156.46959	920.888	-1356.1985	-774.2772	95.91988	12319.814543008804
159	9696.417	151.827	9937.626	9518.241	9915.394	52.300537	10013.982	9830.144	1000.0	1000.0	795000	771.5618	168.6861	917.01825	-2213.9883	771.56244	168.68611	914.2475	-2207.2546	-773.369	99.89	12361.63843202591
160	9444.697	114.7301	9606.306	9272.125	9875.248	241.89122	10361.713	9346.827	1000.0	1000.0	800000	771.0424	179.474	924.4736	-2750.441	771.0437	179.47438	926.02905	-2595.8015	-773.6352	117.2044	12401.701059103012
161	9526.439	156.32648	9803.01	9324.5205	9866.494	161.9999	9996.598	9460.37	1000.0	1000.0	805000	770.2677	185.79555	916.8176	-3064.952	770.26825	185.78223	923.77545	-3010.1777	-772.6989	120.89883	12445.574246168137
162	9482.636	302.53598	9871.786	9021.578	10237.655	93.508385	10421.66	10114.776	1000.0	1000.0	810000	769.8791	188.15192	917.9578	-3919.7136	769.8791	188.15231	920.1781	-3899.6206	-772.61676	116.6018	12489.726587057114
163	9326.178	314.78326	9857.899	8915.755	9991.909	164.36305	10297.813	9796.483	1000.0	1000.0	815000	768.85284	199.80258	920.27686	-4272.325	768.8519	199.80522	923.85693	-4292.751	-771.0961	137.45421	12533.124737977982
164	9481.714	278.96133	9856.493	9163.108	10096.304	189.40508	10375.184	9705.901	1000.0	1000.0	820000	767.27057	204.01059	916.71	-5334.27	767.2717	204.00484	916.00037	-5260.7603	-769.6999	135.67818	12575.518106222153
165	9670.654	169.5239	9923.815	9424.572	9078.358	1856.8367	10267.849	3557.0452	1000.0	1000.0	825000	766.48047	201.97935	914.73895	-5175.442	766.48004	201.97223	920.1144	-5096.237	-768.8486	131.34418	12616.901612997055
166	9417.912	262.12625	9729.68	8994.984	9426.854	167.1495	9727.165	9121.006	1000.0	1000.0	830000	765.8858	196.67781	913.29224	-5467.032	765.8859	196.68382	920.7079	-5658.011	-768.3031	150.5947	12659.6402490139
167	9356.778	224.90121	9758.249	9117.534	9076.217	2629.4316	10194.891	1201.5599	1000.0	1000.0	835000	763.1409	213.64935	916.017	-5249.731	763.13983	213.6477	922.0257	-5166.1274	-765.928	143.2447	12701.25360417366
168	9468.104	227.04082	9779.543	9145.072	9207.3125	141.1292	9358.824	8875.497	1000.0	1000.0	840000	761.809	222.39981	909.96674	-5519.0654	761.81085	222.39084	911.69183	-5427.019	-764.41754	149.12213	12745.34936285019
169	9219.393	353.49963	9596.74	8614.955	9997.746	113.21735	10120.35	9714.485	1000.0	1000.0	845000	760.4827	216.85417	912.2622	-5618.9375	760.48035	216.86967	916.2825	-5670.3496	-763.0828	144.20193	12790.562031030655
170	9234.115	164.36195	9475.826	9070.165	9299.885	2117.3457	10156.339	2954.658	1000.0	1000.0	850000	761.18384	204.40016	915.4414	-5121.0073	761.18414	204.38948	917.36774	-4940.795	-763.6797	160.94762	12836.416307926178
171	9476.933	150.10652	9658.645	9299.469	9563.299	237.4705	9925.627	9254.595	1000.0	1000.0	855000	761.8897	186.73563	912.76764	-4142.0483	761.8884	186.74988	910.97656	-4168.6665	-764.46405	129.1576	12888.640184164047
172	9494.072	205.62811	9856.63	9298.519	9501.723	233.95854	9831.565	8962.17	1000.0	1000.0	860000	763.1313	174.39967	907.751	-3124.2354	763.1305	174.39685	911.6311	-2882.3984	-765.5937	119.35254	12933.833658218384
173	9656.141	307.69736	9898.742	9141.935	9626.544	235.97948	9960.965	9179.975	1000.0	1000.0	865000	764.5669	165.15701	908.7153	-3253.8315	764.56396	165.16925	912.39087	-3069.1965	-766.9691	123.40371	12979.223664045334
174	9347.744	234.72528	9782.6	9102.045	10355.413	156.02039	10605.955	10034.869	1000.0	1000.0	870000	766.286	148.36243	907.86945	-2504.58	766.2848	148.36899	909.84814	-2477.7053	-768.7281	114.0693	13021.810616016388
175	9644.294	166.29535	9871.693	9354.044	9904.959	138.80835	10191.403	9627.0	1000.0	1000.0	875000	767.18146	140.32935	903.3319	-1467.9772	767.17993	140.34955	909.922	-1526.6437	-769.6365	116.54032	13066.8614590168
176	9166.714	219.90039	9369.687	8742.276	10228.435	138.11139	10533.889	9997.155	1000.0	1000.0	880000	767.5819	138.43095	1039.1753	-1433.179	767.58124	138.43616	959.7174	-1396.3214	-769.9022	109.39305	13112.658786058426
177	9639.715	326.8165	10063.105	9203.302	9740.492	703.5288	10319.511	7751.286	1000.0	1000.0	885000	768.0498	138.74457	1089.2561	-985.27997	768.04974	138.7567	1103.7494	-998.66016	-770.3134	100.925064	13158.744991064072
178	9498.615	221.81458	9672.93	9068.643	10294.795	234.50562	10805.24	9965.821	1000.0	1000.0	890000	769.2556	138.29459	1512.7628	-779.79834	769.2544	138.3014	1539.7017	-738.5085	-771.5399	101.767525	13201.582139253616
179	9710.66	231.91782	10107.202	9444.176	10374.122	195.43579	10644.433	9956.856	1000.0	1000.0	895000	769.5153	139.0426	1192.2394	-499.1666	769.5151	139.04301	1223.5016	-475.41806	-771.9637	94.26441	13246.870887994766
180	9461.123	257.6315	9772.981	9043.357	10258.976	146.6741	10486.688	10000.94	1000.0	1000.0	900000	770.5443	138.21574	1272.8491	-355.45868	770.54443	138.224	1395.4585	-356.73157	-772.7087	86.301384	13294.20675611496
181	9912.111	310.0345	10352.97	9402.284	10140.267	299.65247	10537.027	9499.635	1000.0	1000.0	905000	771.22864	139.43561	1111.8723	-430.14755	771.2289	139.43939	1122.803	-487.42963	-773.6305	89.95291	13340.922336101532
182	9696.193	209.36383	10061.056	9464.619	10366.787	172.84285	10681.541	10119.799	1000.0	1000.0	910000	773.1089	138.15546	920.54474	-492.76306	773.10974	138.15685	916.1207	-438.38925	-775.456	86.13912	13386.299854040146
183	8748.119	1861.4615	9882.701	5046.1206	8966.958	3073.6907	10707.76	1821.6102	1000.0	1000.0	915000	774.0626	139.38727	914.688	-418.18225	774.0633	139.38457	915.91296	-405.64655	-776.1722	85.99198	13435.274239063263
184	9635.639	162.54976	9916.403	9483.505	10368.291	179.74725	10571.171	9997.721	1000.0	1000.0	920000	775.3941	140.53009	924.6455	-638.4852	775.3943	140.5309	917.446	-748.9495	-777.57806	98.49302	13486.046221017838
185	9867.753	103.813095	10034.696	9742.078	10490.026	77.79075	10609.24	10381.604	1000.0	1000.0	925000	776.897	140.45686	920.01855	-946.59094	776.89557	140.47028	924.79297	-1032.2244	-778.9801	110.45725	13538.471428155899
186	9903.128	379.96658	10266.81	9308.8	10411.339	157.84666	10713.736	10198.733	1000.0	1000.0	930000	778.4641	139.45244	921.8531	-943.1112	778.46405	139.45563	920.90155	-1082.9314	-780.9074	108.03162	13585.62049794197
187	9882.193	181.54987	10058.711	9550.8955	9556.205	1933.1057	10707.681	4236.5435	1000.0	1000.0	935000	778.5573	139.73816	919.3109	-783.5107	778.55695	139.75354	922.4375	-832.88104	-780.7996	99.86547	13634.105566978455
188	9715.712	219.81987	9910.97	9434.671	10169.561	161.61594	10530.946	10025.402	1000.0	1000.0	940000	779.10284	138.95036	926.1581	-475.0639	779.102	138.95805	923.33777	-478.78693	-781.2617	91.207275	13688.145202875137
189	9819.752	222.70348	10187.678	9558.789	10672.674	169.48335	10951.547	10307.283	1000.0	1000.0	945000	780.7427	138.05396	927.3624	-504.429	780.7419	138.06114	923.6417	-397.549	-783.134	87.90274	13736.285519123077
190	9771.881	234.21602	10128.077	9417.288	10470.434	147.20522	10816.916	10303.836	1000.0	1000.0	950000	782.0726	138.20253	986.8432	-588.5351	782.0721	138.2165	939.3908	-656.7277	-784.2362	93.55048	13778.879755020142
191	9892.53	204.41415	10233.256	9605.767	10524.794	185.90733	10787.327	10228.703	1000.0	1000.0	955000	783.1246	137.59706	928.9381	-679.57385	783.124	137.60458	925.66833	-776.70526	-785.4727	101.869316	13820.956748962402
192	9755.115	285.4851	10098.592	9351.178	10348.378	179.57643	10751.386	10068.566	1000.0	1000.0	960000	784.03644	136.74455	927.1988	-826.5922	784.03735	136.74666	926.9016	-876.0636	-786.3069	102.35854	13863.660168886185
193	9881.844	172.6481	10100.918	9679.996	10596.308	163.1934	10855.72	10196.719	1000.0	1000.0	965000	784.732	135.48268	927.4687	-1071.2823	784.7325	135.48207	923.26337	-1126.5684	-786.6423	99.89783	13904.956624031067
194	9534.569	532.63947	10035.146	8536.175	10245.226	132.06296	10526.869	10018.546	1000.0	1000.0	970000	785.7751	135.48216	1030.4565	-744.7934	785.7744	135.48997	1057.004	-723.7105	-788.1209	99.607155	13947.919969081879
195	9932.308	211.72813	10233.836	9662.786	10288.336	185.3003	10540.396	9927.517	1000.0	1000.0	975000	785.9621	136.58455	941.2216	-550.08746	785.9617	136.58105	929.5748	-582.11383	-787.7889	96.9759	13991.73528599739
196	9873.925	403.1125	10323.698	9165.171	10214.77	250.8112	10575.485	9673.891	1000.0	1000.0	980000	787.18176	135.9608	925.4564	-566.69275	787.18176	135.9655	929.15	-598.7694	-789.2313	100.506714	14034.119992017746
197	9809.158	129.00322	9914.669	9564.703	10500.287	253.07591	10769.699	9966.79	1000.0	1000.0	985000	787.7987	136.34477	943.19794	-688.71936	787.79974	136.34436	930.3226	-807.76184	-789.972	96.01735	14079.242114067078
198	9875.018	424.4813	10226.587	9058.914	10586.6455	177.2972	11076.932	10435.664	1000.0	1000.0	990000	788.63464	135.21906	932.28955	-492.88007	788.63513	135.22525	929.02216	-541.15436	-791.1591	95.08459	14127.106716871262
199	9793.305	132.27316	9967.176	9600.576	10634.153	182.08812	10868.662	10308.231	1000.0	1000.0	995000	789.3443	135.10208	928.81415	-554.6667	789.3448	135.10791	924.57654	-593.2184	-791.658	91.763466	14172.039743900299
