Epoch	AverageEpRet	StdEpRet	MaxEpRet	MinEpRet	AverageTestEpRet	StdTestEpRet	MaxTestEpRet	MinTestEpRet	EpLen	TestEpLen	TotalEnvInteracts	AverageQVals	StdQVals	MaxQVals	MinQVals	LossPi	LossQ	Time
1	-223.57173	43.683315	-148.18243	-283.65677	-25.273808	6.2719164	-15.182183	-35.402084	1000.0	1000.0	5000	2.4748216	3.1690161	23.973227	-4.4075923	-3.4401438	0.16807033	292.39892649650574
2	-257.8045	81.84194	-109.05211	-350.67108	-123.719986	4.1622825	-117.56262	-130.88611	1000.0	1000.0	10000	19.359709	9.982992	59.046143	-1.1539776	-22.243134	1.3863593	582.4959743022919
3	-92.11162	72.26263	3.9482872	-166.55026	-93.983215	4.7536473	-85.93944	-100.82392	1000.0	1000.0	15000	57.642395	19.5503	122.648796	14.666143	-63.070255	3.3943796	979.98175573349
4	24.795807	73.37949	107.04009	-62.656563	-110.90932	3.8123066	-105.985725	-119.089386	1000.0	1000.0	20000	135.16348	35.762302	235.3314	44.871735	-145.90018	6.882144	1372.15544962883
5	-148.68019	44.787766	-122.80939	-238.1086	-102.388336	1.0659342	-100.786285	-104.1156	1000.0	1000.0	25000	247.45238	42.12827	346.03433	120.15782	-260.9007	12.906071	1758.5946633815765
6	-94.385254	11.988758	-78.48001	-109.133446	-100.23804	1.3597596	-98.20452	-102.7733	1000.0	1000.0	30000	358.6071	36.122402	437.9184	224.37355	-372.3633	14.43694	2140.5349037647247
7	-107.24286	5.4402747	-96.72375	-111.50234	-102.01061	0.5865333	-100.93002	-102.99271	1000.0	1000.0	35000	456.03683	31.695585	607.7206	360.85898	-470.17004	14.381464	2526.7369499206543
8	-102.65377	7.0513096	-95.749626	-112.01081	-99.74408	0.6752806	-98.707924	-100.7087	1000.0	1000.0	40000	560.5558	47.67096	781.191	456.34518	-580.2114	20.115509	2905.99529838562
9	-103.48674	6.518774	-98.0456	-113.349556	-100.5291	1.2325565	-97.98543	-102.0526	1000.0	1000.0	45000	725.20325	59.50282	980.75305	577.5934	-751.75653	35.08918	3288.4491589069366
10	-104.32865	6.432114	-97.599045	-113.53457	-101.81185	1.2933434	-99.92091	-103.987946	1000.0	1000.0	50000	945.5831	75.615555	1213.6532	719.40106	-979.268	43.59737	3672.616115093231
11	-105.88881	5.534063	-97.16592	-111.84232	-101.841095	1.0200609	-100.48093	-103.20163	1000.0	1000.0	55000	1211.8656	100.16415	1571.1824	947.469	-1257.4814	59.249607	4052.574001312256
12	-103.22081	5.112653	-97.21252	-110.005684	-99.3377	0.8010021	-98.099464	-100.76326	1000.0	1000.0	60000	1584.6665	123.07033	1984.5659	1212.6774	-1641.3947	86.60383	4436.339008569717
13	-98.294846	4.042287	-92.982925	-105.32097	-101.845184	1.1265962	-100.4639	-103.972984	1000.0	1000.0	65000	2039.1373	157.44533	2520.8486	1546.3497	-2111.1748	123.36515	4817.686328649521
14	-107.63965	5.5315557	-97.53731	-113.15505	-101.79081	1.0757685	-99.9149	-103.86999	1000.0	1000.0	70000	2585.0269	168.46844	3123.815	1984.9841	-2666.6624	150.09155	5198.61766910553
15	-106.94088	4.2038145	-101.97007	-112.10919	-101.37847	0.39755952	-100.877785	-102.03041	1000.0	1000.0	75000	3102.5938	154.65681	3947.749	2495.6243	-3186.379	172.34196	5579.6278529167175
16	-113.21334	1.1108314	-111.795204	-115.10206	-101.51747	0.62461203	-100.6013	-102.7911	1000.0	1000.0	80000	3651.1638	188.39279	4711.4663	3077.1526	-3747.248	215.30585	5961.492694616318
17	-112.36102	1.966319	-109.33352	-114.03884	-101.949684	1.1510284	-100.228165	-104.29483	1000.0	1000.0	85000	4188.328	185.0823	5501.178	3595.8428	-4278.602	242.893	6350.987590312958
18	-112.37262	1.5159346	-110.15044	-114.10095	-101.400406	0.70696944	-100.52762	-103.27823	1000.0	1000.0	90000	4554.1357	193.85968	6265.757	4147.419	-4636.9424	239.56406	6714.771424531937
19	-111.00832	2.32437	-107.41208	-114.45239	-101.79099	0.6471214	-100.91925	-103.028854	1000.0	1000.0	95000	4837.687	274.6873	7326.53	4519.8086	-4925.2427	300.4647	6969.781693458557
20	-112.52828	0.525272	-111.65482	-113.12413	-101.42836	0.74480945	-100.23351	-102.77672	1000.0	1000.0	100000	5272.997	362.81772	8305.068	4816.2095	-5381.2114	409.89474	7222.9851014614105
21	-112.144775	1.8329284	-110.55346	-115.25542	-102.01396	1.0508177	-100.89241	-104.23943	1000.0	1000.0	105000	5777.094	434.29843	9342.364	5218.6606	-5903.075	527.7749	7472.606024980545
22	-112.23714	1.1685542	-110.677124	-113.87285	-101.84466	0.5112451	-101.11502	-102.87723	1000.0	1000.0	110000	6406.1626	486.37637	10416.248	5802.689	-6539.2065	663.7585	7721.323904037476
23	-108.85372	4.8825827	-99.61553	-113.37751	-101.70193	0.86552036	-100.80464	-103.2118	1000.0	1000.0	115000	7010.7476	544.48114	11469.975	6379.397	-7142.644	909.0824	7971.36315202713
24	-112.74786	1.8380064	-110.60787	-115.98468	-101.96665	0.7600225	-100.65691	-103.67953	1000.0	1000.0	120000	7545.758	598.0675	12545.599	6708.985	-7684.5225	966.6238	8220.764392852783
25	-112.80863	1.4650795	-111.35374	-115.42533	-101.71903	0.7608548	-100.45031	-102.99344	1000.0	1000.0	125000	8277.637	684.11096	14197.596	7277.7026	-8476.559	1311.8705	8469.945175409317
26	-106.51338	6.937113	-97.89882	-114.28249	-99.833374	0.6398012	-98.836044	-101.25821	1000.0	1000.0	130000	9632.788	778.1091	16368.329	8405.483	-9888.953	1854.4312	8725.36055612564
27	-95.01686	1.6605688	-93.37474	-97.80013	-100.02898	0.78265387	-98.62479	-101.53771	1000.0	1000.0	135000	11371.619	902.79364	18702.775	9700.167	-11685.834	2625.871	8974.51320719719
28	-99.385704	1.6378889	-96.77546	-101.557274	-99.50093	0.87688285	-98.00322	-101.44379	1000.0	1000.0	140000	13406.088	972.4821	21783.297	11619.727	-13775.789	4171.4966	9232.756857395172
29	-97.52754	1.3935283	-95.98078	-99.85951	-99.85138	0.9442078	-97.67927	-101.31258	1000.0	1000.0	145000	15147.948	918.52356	24054.02	13862.413	-15458.23	4654.419	9489.462510108948
30	-96.19643	3.2869694	-90.6067	-100.01862	-101.19896	0.5600504	-100.28811	-102.14528	1000.0	1000.0	150000	16874.53	1196.7291	27311.693	15327.3955	-17294.252	6166.283	9746.344836950302
31	-105.73588	6.306756	-97.00582	-112.41876	-104.85691	2.9596472	-101.80588	-112.12767	1000.0	1000.0	155000	20020.918	1742.059	33805.668	17156.473	-20632.035	14860.947	10002.72898888588
32	-99.60346	4.367291	-96.30497	-108.02655	-102.65273	1.5912067	-100.965965	-104.89062	1000.0	1000.0	160000	25210.21	2088.8203	41300.453	20956.65	-26075.691	20449.654	10252.843388080597
33	-103.69524	2.8987508	-99.467094	-107.77381	-100.32663	1.0334108	-98.67436	-102.0332	1000.0	1000.0	165000	31554.328	2235.7573	49997.027	27083.371	-32526.695	23100.756	10502.329292297363
34	-98.14446	1.5731313	-96.64654	-100.63737	-100.02373	0.6900164	-99.01117	-101.16064	1000.0	1000.0	170000	37903.2	2509.9924	59941.824	33320.055	-39025.1	26414.785	10756.993583202362
35	-97.639465	1.1935682	-96.31375	-99.778755	-99.78453	0.8413164	-98.15254	-101.2443	1000.0	1000.0	175000	46021.574	3251.603	72490.78	40603.637	-47428.06	37310.22	11005.36133146286
36	-94.98714	2.0930374	-91.674866	-98.05359	-99.58893	0.6063142	-98.236565	-100.45301	1000.0	1000.0	180000	56091.598	3935.7217	87313.69	48685.99	-57786.523	51355.727	11254.33524465561
37	-97.917496	1.7961771	-95.12075	-100.54369	-102.02097	1.1345972	-100.74559	-104.53873	1000.0	1000.0	185000	66793.59	4269.6665	104551.48	59918.098	-68607.734	69350.42	11503.042884111404
38	-99.95758	3.2699363	-96.2899	-105.96856	-101.22221	1.4303309	-98.91336	-103.18041	1000.0	1000.0	190000	78755.34	5130.2964	126089.945	70081.34	-80888.78	86236.83	13864.811366319656
39	-98.84596	2.0969496	-95.0698	-100.91577	-100.055	1.393246	-97.04405	-102.37355	1000.0	1000.0	195000	91570.26	5930.612	148013.44	82877.09	-93978.84	108827.305	14107.946459770203
40	-97.95664	0.7452311	-97.02996	-99.23537	-101.03463	0.7874035	-99.49986	-102.3469	1000.0	1000.0	200000	106923.08	7130.505	175900.94	96574.56	-109758.28	145759.72	14356.63478255272
41	-99.342834	1.3859514	-97.432045	-101.5359	-100.10609	0.8982065	-98.42241	-101.73613	1000.0	1000.0	205000	125257.77	8184.9287	202280.56	112731.2	-128448.055	186334.19	14706.148920297623
42	-97.14809	2.3142982	-94.714165	-101.50232	-100.528275	0.8784516	-99.18022	-102.055275	1000.0	1000.0	210000	142684.3	8396.34	229979.88	129895.11	-145880.81	188231.55	18065.496198892593
43	-97.5479	1.7131966	-94.54341	-99.26248	-99.57372	0.5634071	-98.515465	-100.25845	1000.0	1000.0	215000	162241.25	10177.547	264767.25	147597.73	-166192.44	223677.77	18305.627974033356
44	-96.97903	0.93646955	-95.71849	-98.58206	-100.18192	1.0516924	-99.020775	-101.90992	1000.0	1000.0	220000	187049.25	11781.468	306625.66	169363.92	-191671.53	289418.97	18553.22313427925
45	-98.71341	1.9287293	-95.60395	-100.71946	-100.14101	0.56425273	-99.204056	-101.042656	1000.0	1000.0	225000	215918.88	13569.103	351949.94	195187.25	-221210.06	382404.88	18798.201251983643
46	-95.949554	1.1168251	-94.00061	-97.04832	-99.87692	0.66147727	-98.20414	-100.556656	1000.0	1000.0	230000	247306.38	15280.852	406637.6	224511.34	-253262.67	495015.94	21601.02822327614
47	-96.335434	1.1087117	-94.82032	-97.649734	-100.05458	0.8176357	-98.695076	-101.6168	1000.0	1000.0	235000	281789.1	16646.025	458501.1	257638.86	-288429.7	639534.4	27388.93645977974
48	-97.466774	1.7398893	-95.26226	-100.61899	-99.85092	0.27044585	-99.24795	-100.20497	1000.0	1000.0	240000	324280.2	20294.24	528801.4	293978.44	-332562.06	883457.94	27636.435271024704
49	-97.42517	1.8605946	-95.49543	-100.53238	-99.62696	1.1341321	-96.9749	-100.699745	1000.0	1000.0	245000	379698.66	24495.785	619583.94	341062.56	-389826.38	1326181.6	27893.68810415268
50	-97.5237	0.83949715	-96.428185	-98.72716	-100.005035	0.90654135	-98.68734	-101.86366	1000.0	1000.0	250000	447540.72	29151.062	713007.44	401945.16	-459664.6	1812313.8	28145.28955721855
51	-97.69716	2.297801	-94.855865	-100.183655	-100.2075	0.8186416	-99.470634	-102.035706	1000.0	1000.0	255000	527819.8	31443.752	838415.44	476540.38	-541644.6	2582990.8	28394.935867786407
52	-98.518585	1.8646829	-96.47629	-100.83913	-100.6319	1.2661203	-98.77857	-102.41659	1000.0	1000.0	260000	613566.6	36095.22	954532.6	557671.4	-628548.7	4265035.5	28645.583559036255
53	-98.2249	1.3637353	-96.03715	-100.05188	-100.74334	1.0549636	-99.319145	-102.426315	1000.0	1000.0	265000	707359.1	39789.633	1091725.0	640440.0	-725068.8	4753257.5	28903.34848332405
54	-97.140465	0.80100405	-95.92621	-98.12476	-101.10748	1.4049958	-98.7718	-103.37703	1000.0	1000.0	270000	812904.94	42728.63	1233241.4	741351.6	-832362.9	4832062.5	29170.86689543724
55	-99.7339	2.6592522	-96.87133	-103.98473	-101.67088	0.50792605	-101.04643	-102.581665	1000.0	1000.0	275000	933557.1	49189.086	1420584.0	851684.4	-956235.4	6843834.5	29425.94849729538
56	-98.355225	0.79502815	-97.27644	-99.448616	-100.20454	1.0215137	-98.381836	-102.113846	1000.0	1000.0	280000	1068656.0	53786.63	1588011.1	976326.2	-1094120.5	8438945.0	31196.36056137085
57	-97.70299	0.58557045	-96.596375	-98.32359	-100.38866	0.8514708	-99.09918	-101.65715	1000.0	1000.0	285000	1220533.1	60000.977	1788726.9	1119994.6	-1249590.5	9838625.0	31449.700764656067
58	-98.18314	1.7833105	-95.29763	-100.83123	-101.06819	1.4574058	-99.08483	-103.52441	1000.0	1000.0	290000	1393386.5	65313.508	2025920.1	1280703.4	-1425815.8	11346869.0	31691.70063495636
59	-97.748375	1.747307	-95.54465	-100.20379	-100.334564	1.0499704	-99.10005	-102.91764	1000.0	1000.0	295000	1578404.5	71083.85	2291880.8	1455921.1	-1614233.1	14398652.0	31978.401878595352
