Epoch	AverageEpRet	StdEpRet	MaxEpRet	MinEpRet	AverageTestEpRet	StdTestEpRet	MaxTestEpRet	MinTestEpRet	EpLen	TestEpLen	TotalEnvInteracts	AverageQ1Vals	StdQ1Vals	MaxQ1Vals	MinQ1Vals	AverageQ2Vals	StdQ2Vals	MaxQ2Vals	MinQ2Vals	LossPi	LossQ	Time
1	-62.608204	91.735115	24.160263	-376.4769	-264.15692	432.38428	-41.659126	-1551.6792	178.24	161.8	5000	-0.27578166	2.410638	20.205276	-12.751573	-0.2757696	2.4094336	20.637339	-13.522644	-0.7892782	0.32254317	35.714439153671265
2	-69.976364	111.95482	43.86866	-354.51968	-51.100452	43.306168	-12.504756	-138.71053	213.03847	23.5	10000	6.862532	5.4013057	41.859398	-12.995968	6.8629217	5.4002514	42.485073	-11.867434	-9.799667	1.409654	75.19646525382996
3	-99.15377	449.16272	267.86963	-2107.7927	258.71393	185.30229	553.54895	14.545124	185.38461	580.8	15000	11.653543	6.049366	47.542065	-13.122358	11.654366	6.0516977	48.050655	-14.7855625	-13.753766	2.937482	117.3613007068634
4	128.37712	118.19111	328.45563	-5.3439703	211.11108	124.90179	466.88168	7.8741384	502.2	489.6	20000	12.240243	7.666765	44.885868	-12.701444	12.240737	7.6686115	45.08966	-15.60593	-14.202553	2.3372276	158.56623029708862
5	130.48885	141.11034	446.04953	0.30975312	154.72165	192.7381	609.78973	4.7209263	383.81818	294.6	25000	11.945703	8.330581	46.16854	-16.661207	11.946109	8.332428	46.935463	-19.100529	-13.717789	2.2229435	193.4799885749817
6	207.05717	231.15749	673.1551	5.33157	239.77388	265.35178	698.739	5.824805	382.5	433.6	30000	12.365386	8.463022	45.221134	-14.56973	12.365609	8.464738	44.855736	-18.125715	-14.015721	2.1715758	237.05202412605286
7	159.55309	207.16931	631.53217	-1.9508541	304.18793	268.26706	748.8951	13.450264	306.6	480.1	35000	13.340058	8.285463	45.486027	-13.104908	13.340357	8.287726	45.29058	-18.20511	-14.935726	2.280597	275.87442922592163
8	347.04605	248.74022	664.9057	12.442694	330.8581	285.12988	789.80493	36.74741	650.8889	549.5	40000	14.877021	7.9703503	49.18455	-18.854025	14.876808	7.9722266	48.452007	-20.82289	-16.446573	2.3259168	323.62086033821106
9	158.84879	186.11275	689.17725	4.4366927	272.79858	252.974	770.1073	59.949604	326.53333	441.1	45000	16.431389	7.5763187	48.35974	-17.417463	16.43119	7.5779643	47.04109	-16.93642	-17.940166	2.4778388	364.33658814430237
10	321.5805	274.3533	721.9868	17.764881	368.33786	241.31891	750.6363	32.95297	511.8889	564.2	50000	17.666134	7.3314056	48.77374	-19.84732	17.665924	7.3332186	47.96357	-21.346354	-19.082851	2.5224361	404.156489610672
11	308.99872	267.0612	715.7544	0.93786657	223.48372	227.47807	679.91565	25.381243	548.1	338.4	55000	19.196898	7.1083994	48.96028	-21.103868	19.196777	7.10878	49.742252	-21.491282	-20.597073	2.566944	447.1363182067871
12	278.50537	256.65207	683.6491	12.960639	409.3368	346.82568	782.23315	17.939537	417.0	533.9	60000	20.687483	7.180973	49.3327	-16.47614	20.687572	7.180837	49.083977	-19.39952	-22.038563	2.6552496	489.2848708629608
13	304.11703	277.23074	774.92236	39.78777	456.32144	322.3729	806.86584	45.027935	474.1	598.2	65000	21.930147	7.319382	51.28608	-20.315031	21.929987	7.3198028	50.824448	-20.21626	-23.259995	2.8735414	530.4511914253235
14	451.78088	304.8318	746.6415	36.188904	285.92902	277.03012	761.8527	31.897713	648.25	402.7	70000	23.49734	7.524484	52.60816	-19.233482	23.497204	7.5251617	50.582397	-17.71569	-24.835108	2.7527866	572.5777657032013
15	257.45953	278.39462	713.3127	6.222897	353.0699	347.5146	877.05444	20.75607	372.07144	414.0	75000	25.043262	7.6906695	53.133385	-16.114626	25.043161	7.691228	52.724434	-18.164003	-26.349066	2.847749	614.7770116329193
16	697.4262	85.499344	843.3142	625.43536	539.3067	349.66272	891.68176	51.360344	1000.0	651.5	80000	26.595982	7.950538	54.72396	-20.782925	26.595545	7.9531837	53.344833	-16.951096	-27.861069	2.794415	658.6913480758667
17	326.89185	278.2277	800.536	13.868678	706.6963	319.41763	1001.35095	92.52395	441.27274	767.2	85000	27.77442	8.095935	54.096752	-17.68678	27.774347	8.096893	53.780666	-16.094625	-29.003859	2.896436	702.1873738765717
18	517.6749	309.33438	792.4465	12.441627	677.6422	219.71286	840.78864	68.29427	725.1429	866.5	90000	28.713835	8.371124	55.623066	-15.299282	28.713627	8.371745	55.7566	-12.410325	-29.908478	2.9996974	748.0023677349091
19	335.3121	299.68106	746.9498	27.363749	332.67072	304.4601	738.5096	20.039759	499.0	452.7	95000	29.717445	8.612362	56.959538	-15.896538	29.717327	8.613585	57.67607	-22.03222	-30.886248	3.0763052	786.4096875190735
20	447.80777	332.87418	862.6958	31.038939	364.01102	336.23422	808.0552	25.863361	600.6667	453.1	100000	30.884205	8.997397	58.041355	-14.370392	30.88407	8.999203	57.2851	-18.324423	-32.02208	3.0332003	830.7482838630676
21	484.09058	340.39264	813.3562	21.246826	393.68137	310.96188	916.3866	12.431108	640.0	447.5	105000	32.05823	9.326367	56.945484	-21.840887	32.05803	9.327935	55.72555	-26.175472	-33.17919	3.0218472	872.9627103805542
22	305.9465	294.48984	799.1898	36.178093	614.49603	331.39474	921.1122	42.69203	351.33334	731.3	110000	32.891495	9.487733	60.229206	-16.444792	32.891434	9.490922	57.332718	-25.669907	-34.009495	3.2267385	912.5532598495483
23	396.48532	328.49753	886.7389	64.25688	474.01788	346.64127	898.98145	35.557438	462.18182	566.9	115000	33.802174	9.767159	60.40275	-15.729491	33.802338	9.768711	62.42274	-24.800663	-34.886497	3.230987	955.993246793747
24	458.53125	313.34842	892.09985	84.14804	711.7328	371.97543	1178.8337	7.26063	504.0	644.3	120000	34.74987	10.040437	61.800724	-20.059755	34.74981	10.04356	60.265156	-24.279968	-35.85341	3.3968444	1002.7670304775238
25	480.72693	431.0963	1096.6956	11.064616	547.62286	346.42914	967.8324	12.248264	461.0	588.0	125000	35.83169	10.259039	62.016605	-21.37068	35.831703	10.261488	61.50029	-21.793127	-36.923477	3.7539525	1046.785062789917
26	533.74347	348.16467	924.73505	39.13726	757.2393	236.01074	1066.2932	335.07584	624.8571	813.8	130000	36.839657	10.369769	62.374798	-23.392683	36.840008	10.370714	64.521255	-17.640314	-37.92196	3.7867098	1088.1528692245483
27	526.134	378.28577	1100.0664	28.6134	1035.6062	111.470894	1188.1478	784.9442	517.9091	1000.0	135000	37.99505	10.484243	63.65848	-19.505669	37.994938	10.485546	64.852974	-17.856256	-39.09551	4.0262427	1139.7337818145752
28	644.4577	415.98523	1037.9796	45.429737	716.379	319.91388	928.66473	77.60106	684.6667	816.1	140000	38.996952	10.660467	65.4316	-33.437176	38.996655	10.663375	65.6882	-21.527634	-40.06084	4.0681324	1180.0269570350647
29	594.53595	337.66034	1029.3267	65.66399	651.72394	393.51343	1135.751	58.988056	685.25	609.0	145000	40.016266	10.651419	67.39198	-22.748991	40.01616	10.65328	67.842285	-18.61872	-41.087868	4.0608582	1226.7911398410797
30	690.05286	218.3344	1004.45996	365.8937	697.563	403.67166	1291.7366	105.44808	735.1429	729.2	150000	41.035088	10.651848	67.49168	-26.245907	41.03488	10.654205	68.10306	-17.60837	-42.09297	4.2385106	1272.8670501708984
31	697.4829	223.71472	864.9687	204.40912	606.6146	350.7791	1098.7053	17.157358	862.6667	640.5	155000	41.85035	10.52947	69.48236	-23.501747	41.85028	10.533063	72.07161	-26.328754	-42.888947	4.1760206	1318.1919302940369
32	635.1276	374.23193	1091.4032	63.376118	612.2954	301.17084	875.98096	120.578026	643.0	694.7	160000	42.615112	10.482944	71.07	-21.448809	42.61503	10.485699	75.26661	-24.836258	-43.651676	4.2019606	1359.6479399204254
33	732.3044	319.022	1077.501	64.14521	549.72864	344.11777	973.7737	38.41536	768.8571	600.5	165000	43.40055	10.558234	73.46681	-21.416008	43.400486	10.559753	74.77553	-21.623264	-44.411514	4.3408337	1405.9008975028992
34	558.6888	364.20572	1048.5862	89.00209	606.47003	367.70172	1058.8376	91.98556	739.5714	729.5	170000	44.296654	10.515157	77.42381	-20.357317	44.296593	10.51955	79.98758	-29.11512	-45.31	4.383721	1452.556235551834
35	700.00757	458.0222	1194.852	66.57739	781.1936	420.23834	1478.8802	42.412888	689.0	701.7	175000	44.899433	10.826347	76.24084	-30.82263	44.89929	10.829028	77.74845	-24.248573	-45.917988	4.470126	1491.936184167862
36	505.90036	348.40646	1015.9612	68.2121	859.5377	524.2997	1591.835	56.896328	539.63635	732.2	180000	45.56661	11.089658	78.1102	-24.926702	45.566555	11.092888	77.38765	-29.202208	-46.589314	4.594602	1543.0059921741486
37	524.20154	493.03604	1483.1902	22.681189	411.49738	318.79672	964.6794	45.64185	473.1	357.8	185000	46.260838	11.378561	77.88587	-28.71225	46.26099	11.381976	78.356125	-36.329384	-47.298817	4.7684717	1582.5698487758636
38	732.57117	482.16782	1442.1964	23.27306	986.92413	439.50244	1514.552	23.087011	584.8889	878.0	190000	46.95352	11.6312275	80.4094	-48.59704	46.953686	11.634078	79.21646	-30.192438	-47.96097	4.914032	1630.8488070964813
39	705.11707	354.31882	1183.726	80.72619	705.157	536.6311	1569.8214	-3.3159769	814.6	578.7	195000	47.45917	11.659682	80.09355	-23.757557	47.45917	11.663798	79.87818	-23.109735	-48.474426	4.9930544	1668.8447892665863
40	814.706	464.91162	1444.4963	46.60332	983.63165	402.2264	1543.444	40.32837	698.875	888.7	200000	48.145966	11.832058	80.83519	-39.64658	48.145973	11.834944	82.60682	-30.65779	-49.14868	4.9992504	1719.6068451404572
41	1000.1517	231.31541	1430.7599	743.82446	887.16486	496.62936	1574.271	117.532684	1000.0	694.0	205000	48.96778	12.1973095	83.339226	-23.919746	48.967987	12.200915	84.20314	-23.52654	-50.002438	5.1505094	1764.4978806972504
42	668.3622	305.1483	1166.4354	205.22997	415.00107	308.92252	1190.7562	104.95212	765.2857	343.4	210000	49.655815	12.537017	84.10023	-26.524235	49.655823	12.539642	86.50287	-22.940105	-50.70447	5.1379	1808.5381467342377
43	752.4542	296.86804	1060.4695	304.0547	831.9144	524.36456	1604.0234	177.96762	678.4286	684.3	215000	50.366642	12.84895	85.62749	-30.85554	50.366825	12.8503685	85.30644	-21.796349	-51.400482	5.3259025	1852.0571556091309
44	829.8921	541.4078	1677.5787	97.70888	953.37726	385.25058	1644.2521	196.77985	737.1429	770.3	220000	51.054214	13.099656	86.71537	-33.425007	51.053913	13.103025	86.76194	-36.192997	-52.0706	5.473312	1898.8770909309387
45	741.7084	309.38065	1171.448	263.3252	702.5254	443.15753	1661.12	274.40872	619.25	512.4	225000	51.817986	13.352711	88.72948	-29.205101	51.817924	13.355342	90.45178	-31.510277	-52.84356	5.5603614	1941.689249753952
46	659.2175	472.28912	1593.9651	138.62251	564.2121	452.88837	1374.3281	45.32847	542.6667	473.9	230000	52.579136	13.674557	89.71846	-30.933275	52.57916	13.6766	91.26093	-29.571913	-53.621918	5.8127003	1983.9527111053467
47	606.4425	358.18213	1136.0804	57.560623	1077.4581	434.4106	1901.7408	391.24515	517.8889	825.7	235000	53.211567	14.084008	92.86463	-35.58627	53.211155	14.088891	92.47743	-29.693417	-54.240963	6.26174	2028.2397532463074
48	870.14624	474.85516	1627.0007	175.71066	772.82947	413.4704	1644.4176	57.415787	612.625	755.5	240000	53.914516	14.577963	92.80822	-30.660301	53.914616	14.580094	93.50942	-32.446953	-54.90398	6.336339	2073.214955806732
49	871.0256	115.91218	1106.8649	733.2471	726.1826	305.04022	1157.8055	133.86757	767.5714	639.4	245000	54.577377	15.024836	94.812325	-36.804073	54.577335	15.028797	95.40398	-23.930262	-55.586773	6.7987127	2120.2600824832916
50	978.8771	500.61572	1725.9116	101.56521	983.4232	575.99445	1792.2261	123.33521	689.0	716.9	250000	55.209637	15.5724535	97.07451	-49.084538	55.20926	15.575504	95.15478	-37.05041	-56.26799	6.8795743	2164.4282972812653
51	875.7027	392.15463	1540.3793	208.01935	890.1044	548.0962	1885.3854	133.52759	817.0	602.8	255000	55.76175	16.262104	98.50906	-34.94793	55.76175	16.265078	97.55398	-36.932148	-56.772263	7.1809626	2207.9787492752075
52	1046.553	405.39935	1798.812	601.2994	667.1916	429.8886	1333.9524	183.44838	982.8	443.6	260000	55.923737	17.189087	99.68449	-38.886513	55.924057	17.190996	99.26351	-39.039944	-57.088165	7.366643	2250.2526574134827
53	1066.7615	689.0105	1918.1837	32.523724	1423.5922	435.84656	1810.7019	687.05396	579.3333	951.8	265000	56.617176	18.114262	101.813126	-41.97533	56.61744	18.116013	102.372925	-50.73285	-57.768055	8.0154	2299.1810896396637
54	583.34955	503.05762	1697.716	63.65501	835.3866	464.49484	1613.041	97.73299	423.41666	496.2	270000	57.362732	19.057953	104.76978	-40.51165	57.36284	19.060085	108.16002	-41.557796	-58.484554	8.309	2342.6968965530396
55	1271.1829	383.65436	1944.344	873.7223	841.342	425.16162	1924.5984	182.34743	1000.0	672.4	275000	58.170757	19.92472	110.58515	-32.07116	58.170593	19.927229	106.97482	-33.854744	-59.389282	8.634516	2387.732661485672
56	1107.2665	620.68665	2139.981	330.77484	1433.4282	531.23975	2297.2722	656.6882	641.4286	815.9	280000	58.97354	20.685593	108.6091	-28.954103	58.97358	20.688633	109.52286	-45.626995	-60.161533	8.964901	2430.791083097458
57	890.7344	509.34137	2088.764	380.593	1325.0245	480.66	2218.1501	484.9656	553.7778	835.5	285000	59.84364	21.531979	113.18638	-40.13021	59.843636	21.534283	115.49636	-31.207026	-61.08228	9.291802	2477.390235185623
58	1093.0798	239.11421	1372.3583	724.97626	1652.1266	371.9634	2182.6936	1097.7566	1000.0	895.9	290000	60.610607	22.27702	114.36232	-51.537617	60.610313	22.27847	115.52055	-36.452656	-61.8126	9.425399	2524.1091113090515
59	1123.6575	605.76843	2009.4221	466.42346	1259.9069	759.6113	2220.2966	67.77391	645.125	717.4	295000	61.22423	23.225044	115.1877	-40.555523	61.224102	23.228273	118.966286	-43.86164	-62.47733	10.267057	2570.5173466205597
60	1086.6534	381.31223	1811.7728	660.9026	1303.7549	748.7024	2127.4756	128.88707	694.8571	760.2	300000	62.16241	23.99819	117.70509	-39.537464	62.162548	23.99919	119.35059	-38.287968	-63.33365	10.43567	2615.7134788036346
61	1088.4388	762.8043	2038.6499	76.66641	1616.2686	434.9937	2195.2495	877.3399	662.625	871.7	305000	63.004704	24.763077	118.30061	-52.4096	63.004604	24.765528	116.9305	-39.93998	-64.17748	10.533285	2664.7991688251495
62	1198.9841	531.36163	2051.9734	508.15634	1444.4396	638.97363	2168.2354	354.73975	733.4286	808.9	310000	63.765804	25.474348	119.09884	-40.833008	63.765446	25.476635	123.860634	-41.746197	-64.97523	11.143241	2712.065680742264
63	1460.63	589.90497	2059.485	466.96442	1454.3472	615.8644	2187.407	126.172745	974.0	843.1	315000	64.5883	26.232666	121.12577	-52.343483	64.588	26.235922	122.09253	-45.66915	-65.85671	11.309171	2757.9367146492004
64	1349.4843	207.46925	1640.5087	1100.8248	1611.1521	575.2056	2251.993	730.68005	929.0	800.2	320000	65.17989	27.039589	122.58551	-45.660133	65.17999	27.040852	122.45366	-43.67201	-66.45824	11.602049	2801.982302904129
65	1679.0667	532.2186	2062.834	640.9455	1432.1511	698.0011	2281.2886	5.6577663	848.0	837.6	325000	66.1398	28.026073	126.60759	-47.482544	66.13963	28.029575	125.10399	-57.926815	-67.43308	12.092247	2854.4933688640594
66	1397.2854	514.92755	2165.8105	703.3544	1763.1787	487.83633	2196.0024	524.6791	921.0	904.0	330000	67.00629	29.003605	125.08578	-36.85372	67.006485	29.004845	125.24311	-45.104465	-68.33569	11.966958	2899.1196982860565
67	1376.2253	860.21686	2266.0647	42.262856	1780.5312	508.68323	2288.3064	740.00244	729.5714	933.7	335000	67.83555	29.816792	127.86042	-54.483948	67.835335	29.818699	130.50012	-41.20165	-69.14064	12.314797	2947.3805768489838
68	1741.4115	578.672	2191.593	629.7051	1668.5859	698.0135	2296.2422	373.42267	1000.0	944.2	340000	68.95914	30.821749	127.91191	-44.45359	68.95923	30.823284	130.57533	-39.455868	-70.29376	12.443742	2995.068706512451
69	1333.638	877.6217	2422.3704	30.588327	1994.009	399.08344	2353.8564	1234.0378	715.0	966.0	345000	69.79332	31.849604	131.76256	-47.98144	69.79316	31.85029	135.79208	-49.382534	-71.048096	12.752544	3042.7535214424133
70	1958.2926	371.78525	2257.4937	1249.0237	1637.4753	700.598	2306.5645	206.82848	918.8	910.6	350000	70.82827	32.750397	132.32925	-94.48565	70.828316	32.753582	135.10793	-49.724636	-72.16217	12.9082	3087.2420568466187
71	1646.2645	608.4175	2226.8352	593.02997	1817.793	638.7612	2244.9521	260.58664	812.7143	897.8	355000	71.83933	33.48227	134.96495	-51.95428	71.839714	33.483456	135.85017	-66.19591	-73.14782	13.73081	3138.9160935878754
72	1886.8711	527.78186	2342.8403	894.2909	1827.4789	574.66064	2263.0002	392.5607	990.6	919.3	360000	72.91727	34.24616	137.9651	-57.814636	72.91671	34.24997	140.11153	-41.597424	-74.13135	14.067945	3186.0820157527924
73	1987.4011	259.40677	2218.149	1481.2109	1799.1693	523.8777	2286.5542	673.3771	933.6	869.5	365000	73.879745	35.045948	138.59566	-41.802113	73.87957	35.048206	138.35054	-48.63213	-75.0958	14.091267	3231.1230928897858
74	1335.1854	592.0054	2227.6533	747.4432	1178.0088	660.522	2310.9976	322.91333	809.6667	781.1	370000	74.63168	35.96938	139.20273	-64.93693	74.63082	35.97339	143.24152	-40.227325	-76.00033	14.274251	3276.593561887741
75	1510.8479	731.70416	2292.0374	515.90094	2183.914	234.71167	2357.1306	1575.4336	693.0	970.2	375000	75.55899	36.87963	141.73206	-48.989525	75.55853	36.88356	143.90106	-44.881535	-76.882	15.032347	3323.220930814743
76	1949.6578	542.8717	2338.3433	781.41907	1270.2672	782.6348	2329.196	239.26695	859.1667	671.2	380000	76.742165	37.7945	150.66356	-82.94301	76.74179	37.79677	144.71074	-70.253174	-78.10771	15.339143	3369.6721336841583
77	1296.0548	702.4608	2334.7139	433.5798	1934.1052	472.85004	2170.28	522.19714	756.1429	1000.0	385000	77.65341	38.550957	145.68848	-74.58078	77.65271	38.55325	146.25737	-56.666126	-79.037	16.26713	3420.318797826767
78	1673.75	762.1133	2205.0776	1.2527665	1905.0393	447.77692	2218.891	952.697	795.8333	997.9	390000	78.50321	39.427242	150.35825	-68.57955	78.50232	39.430054	148.86864	-78.923454	-79.897064	16.564041	3467.219391822815
79	1396.7966	724.27527	2203.4167	150.58427	2325.5925	307.96762	2562.7834	1635.0537	642.8571	944.5	395000	79.239334	40.67018	147.03651	-50.643482	79.23941	40.67433	147.0342	-44.28358	-80.65818	16.81564	3512.010591030121
80	1853.9911	915.5234	2568.322	3.4100153	2087.2512	547.4018	2373.2056	468.82806	835.1667	920.3	400000	79.72992	41.950504	148.53242	-84.25456	79.729454	41.95471	150.00117	-84.87407	-81.17944	17.638115	3560.118415594101
81	2210.2507	121.1791	2338.6606	1973.0392	1583.9294	904.158	2407.421	77.09894	981.6667	681.6	405000	80.02029	43.723747	150.28607	-72.956825	80.01994	43.72658	150.4017	-60.089367	-81.56126	18.400465	3611.4818477630615
82	1865.1449	883.2532	2451.5703	106.9028	1711.7405	857.0362	2460.25	475.05045	812.8	715.4	410000	80.0442	45.41785	152.48302	-89.08352	80.0449	45.419895	151.55904	-75.58631	-81.4986	18.550259	3651.498053073883
83	1427.8798	836.7461	2450.7168	352.4162	1999.9965	680.0877	2554.4448	384.20456	645.8889	893.5	415000	80.1559	47.027668	156.34389	-66.35164	80.15627	47.030468	154.5308	-61.691723	-81.654076	19.105478	3704.5607817173004
84	1851.0426	702.9312	2569.3237	531.1287	2318.2751	518.85565	2570.8303	770.7823	818.3333	934.8	420000	80.845726	48.524452	158.28854	-82.876366	80.84566	48.526947	153.55162	-93.89419	-82.50419	19.999573	3752.122656106949
85	1845.6361	855.1804	2481.5237	180.72893	1760.0146	956.70746	2671.399	81.540726	770.3333	776.6	425000	81.7026	49.592434	157.17517	-110.311195	81.70268	49.59587	155.82767	-111.783134	-83.21985	19.713713	3796.2136476039886
86	2015.2726	598.2922	2499.5876	840.57245	2464.558	68.5028	2643.4272	2395.1	847.0	1000.0	430000	82.490265	50.651455	157.52116	-76.259995	82.48985	50.655758	157.84921	-76.63503	-83.99314	20.670452	3845.5691633224487
87	1968.4894	658.30176	2544.7878	801.1244	2558.4663	64.77855	2668.9236	2449.8896	822.8333	1000.0	435000	83.9425	51.01634	159.96614	-74.77202	83.941536	51.020508	159.56487	-63.40866	-85.458374	20.491922	3893.930335521698
88	2151.2249	598.5372	2519.9075	832.3287	2033.3779	527.64764	2421.6687	768.5979	898.0	1000.0	440000	85.83207	51.1207	161.8449	-61.35107	85.831245	51.125015	160.2195	-72.56844	-87.45851	21.40362	3945.357348680496
89	1927.4886	702.69305	2515.309	629.5723	2595.63	43.797565	2691.2732	2538.9854	809.8333	1000.0	445000	87.700645	51.074043	164.93071	-68.491516	87.700615	51.078037	165.48457	-61.593384	-89.38176	21.121502	3993.499052286148
90	2249.8687	328.41455	2527.7915	1608.2219	2195.105	684.42065	2579.6406	182.4598	1000.0	896.8	450000	89.33919	51.19331	165.975	-92.598015	89.33835	51.19691	166.19237	-74.96343	-90.81888	21.720259	4041.322621822357
91	1892.0569	957.9574	2607.5234	129.30154	2614.4844	299.75223	2865.3164	1733.8617	765.7143	967.4	455000	91.228676	51.26581	167.24059	-98.37837	91.228676	51.270184	166.16727	-117.32344	-92.67762	21.246727	4092.084251642227
92	2188.6294	567.179	2607.3384	1071.5702	2195.9878	444.6314	2439.3308	884.2297	892.6	936.0	460000	92.79272	51.53062	167.11124	-71.56096	92.793	51.53309	168.627	-71.54733	-94.435326	21.662489	4136.981937170029
93	2059.0195	678.39734	2494.3845	557.2265	2062.226	941.5664	2774.3867	103.055504	872.0	821.8	465000	94.3838	51.846676	170.1979	-141.2456	94.38422	51.849136	171.39163	-127.68004	-95.79897	22.29337	4185.951946735382
94	2169.944	667.90857	2678.528	724.0656	2204.874	426.7561	2466.776	943.39496	862.3333	940.9	470000	96.044205	52.169044	172.88016	-78.66687	96.04396	52.174644	173.28036	-93.75828	-97.617424	22.769205	4235.5145654678345
95	1481.3507	938.763	2645.1206	290.03506	2515.442	48.199406	2580.1436	2425.4968	714.4286	1000.0	475000	97.54213	52.654972	173.19926	-79.54343	97.54213	52.657757	171.20683	-57.793274	-98.98625	22.967232	4284.367046356201
96	2450.1655	158.20836	2645.0747	2177.7212	2439.1504	388.24628	2647.9172	1286.9644	973.4	948.5	480000	98.6165	53.443497	174.75572	-82.87323	98.61599	53.447704	175.89511	-88.72041	-100.20361	23.760633	4331.820866107941
97	2081.3694	677.6809	2576.2695	621.4645	2568.494	61.224632	2649.4604	2475.3308	877.3333	1000.0	485000	99.79532	54.11603	180.71655	-73.247894	99.795074	54.120205	178.14471	-68.437195	-101.472885	24.01122	4382.600488424301
98	1804.6493	841.62714	2522.4685	254.83713	2617.2397	57.874397	2739.6707	2521.8032	724.8333	1000.0	490000	100.98652	54.653522	182.77556	-77.169205	100.98623	54.65922	177.24399	-86.856125	-102.45514	24.513645	4427.567390680313
99	2224.7285	771.47107	2682.6868	684.9801	2695.6777	54.731506	2793.0176	2569.567	1000.0	1000.0	495000	101.87156	55.183666	179.96559	-77.25155	101.87219	55.185394	178.65994	-100.807495	-103.37002	24.606787	4477.18076133728
