Epoch	AverageEpRet	StdEpRet	MaxEpRet	MinEpRet	AverageTestEpRet	StdTestEpRet	MaxTestEpRet	MinTestEpRet	EpLen	TestEpLen	TotalEnvInteracts	AverageQVals	StdQVals	MaxQVals	MinQVals	LossPi	LossQ	AverageEpVarUncertainty	StdEpVarUncertainty	MaxEpVarUncertainty	MinEpVarUncertainty	AverageEpVarUncertaintyClipped	StdEpVarUncertaintyClipped	MaxEpVarUncertaintyClipped	MinEpVarUncertaintyClipped	AverageEpStdUncertainty	StdEpStdUncertainty	MaxEpStdUncertainty	MinEpStdUncertainty	AverageEpStdUncertaintyClipped	StdEpStdUncertaintyClipped	MaxEpStdUncertaintyClipped	MinEpStdUncertaintyClipped	Time
1	-296.3972	47.872173	-234.3881	-366.45874	-498.49268	55.87823	-395.26965	-619.40814	1000.0	1000.0	5000	2.344955	3.027987	19.599546	-4.6487637	-3.3611062	0.17867309	0.0	0.0	0.0	0.0	0.0	0.0	0.0	0.0	0.0	0.0	0.0	0.0	0.0	0.0	0.0	0.0	64.90227627754211
2	-219.26038	38.784214	-152.74342	-257.38214	-531.3118	77.78112	-433.20245	-716.023	1000.0	1000.0	10000	18.838142	9.45627	55.560055	-2.0312877	-21.476297	0.89988047	0.0	0.0	0.0	0.0	0.0	0.0	0.0	0.0	0.0	0.0	0.0	0.0	0.0	0.0	0.0	0.0	128.37238383293152
3	-275.549	158.31331	-26.679499	-471.81726	-323.812	80.96012	-170.87665	-433.38428	1000.0	1000.0	15000	41.18996	15.320755	104.76563	15.318012	-43.19777	2.6291766	1909.9597	229.16243	2130.6196	1553.7681	2056.4563	209.65454	2260.5825	1725.4462	2847.567	228.9718	3056.1433	2506.569	2957.0984	217.95384	3157.7776	2626.9058	493.61695075035095
4	-173.93484	198.46335	29.75875	-472.39597	62.598045	80.575935	175.50232	-56.312008	1000.0	1000.0	20000	55.78382	22.584894	146.42482	22.7443	-57.6034	2.9664464	1730.7719	266.0556	2250.125	1522.7977	1911.845	229.03595	2357.793	1753.477	2601.9624	318.44116	3213.7183	2288.6638	2746.1313	283.10422	3292.333	2480.391	865.2070047855377
5	319.58505	374.1419	1060.381	80.159706	514.4599	537.1909	1199.2728	-272.6005	1000.0	1000.0	25000	64.19972	25.761919	133.29794	33.020626	-65.529625	2.3377922	1838.8776	204.90259	2059.8582	1474.9198	1993.3555	171.18347	2173.9292	1693.0979	2767.4421	256.07642	3059.9497	2306.305	2880.5188	228.66486	3135.543	2469.9749	1248.4259767532349
6	767.1378	575.94745	1530.0929	-65.43321	-125.67287	58.630363	-18.264704	-236.65338	1000.0	1000.0	30000	72.81579	32.168453	152.46811	35.31773	-74.00174	3.0278184	1688.541	326.87988	2334.3508	1432.5431	1869.3066	285.07275	2433.1584	1648.7787	2591.8672	368.1014	3315.8062	2292.3296	2719.096	337.07053	3382.786	2447.653	1835.9274282455444
7	1257.3049	723.7373	2156.3765	181.98149	2030.5813	632.39386	2918.19	400.2775	1000.0	1000.0	35000	86.113	39.547474	182.84209	35.666183	-87.38796	3.5097742	1719.1677	281.16217	2136.2969	1368.532	1857.7715	248.11368	2221.7556	1550.5157	2758.5232	311.40646	3230.42	2363.6006	2833.7947	292.5568	3270.9973	2457.8882	2422.8293240070343
8	2584.7822	304.62003	2963.093	2190.6855	2821.1682	970.5405	3422.377	-69.03388	1000.0	1000.0	40000	102.63994	50.449066	221.65947	37.70836	-104.070915	5.020623	1427.1365	133.85928	1657.6539	1280.5425	1606.1409	120.30808	1814.6139	1473.3246	2421.9954	140.61043	2659.7927	2275.7769	2519.7524	134.8843	2750.2422	2373.5002	2994.58544754982
9	3010.3018	366.03854	3216.76	2279.7478	3363.2566	729.6878	3733.495	1193.7737	1000.0	1000.0	45000	125.24553	62.629665	248.16287	39.328835	-126.94224	6.2657847	1449.7471	133.8873	1695.3687	1324.9355	1610.0547	111.08078	1816.8019	1512.5123	2501.09	172.50443	2804.233	2316.4492	2578.7231	154.94237	2855.7354	2416.193	3579.9898335933685
10	2759.4539	1168.8743	3420.5295	424.62067	3548.459	578.7604	4006.185	1873.7614	1000.0	1000.0	50000	148.88588	73.98573	288.37616	43.368584	-150.73418	6.7592006	1597.0735	450.73	2497.5012	1337.7556	1739.7639	403.6407	2546.458	1516.0901	2665.0242	476.9289	3614.7195	2362.4653	2732.3494	452.4431	3634.5413	2456.0076	4166.283613681793
11	3397.8315	171.0067	3649.534	3191.8535	3656.9336	1103.6691	4217.9966	364.58997	1000.0	1000.0	55000	172.5197	84.65123	315.49478	45.506916	-174.41255	7.4852533	1463.4117	49.05608	1558.1272	1418.2089	1602.3522	42.197796	1681.8945	1556.0447	2576.5608	62.546677	2698.4211	2528.4521	2635.7292	57.15582	2747.067	2592.3574	4749.6427545547485
12	3541.1812	163.6726	3785.291	3340.5732	4390.4395	108.57834	4533.7744	4253.1733	1000.0	1000.0	60000	197.72835	93.526596	342.4946	45.474407	-199.38872	8.1036	1510.7747	75.01134	1613.9535	1400.1053	1637.5712	64.645424	1726.3887	1538.8815	2648.7712	89.165985	2772.1528	2526.6555	2698.8977	82.39711	2813.047	2584.1921	5334.700704574585
13	3865.636	151.02533	4082.131	3712.046	4984.2554	111.670364	5143.98	4760.623	1000.0	1000.0	65000	223.439	100.7157	368.17587	53.847054	-225.5506	8.624755	1426.877	60.1916	1512.7189	1334.0237	1562.2555	48.620777	1632.9777	1486.1014	2556.506	79.80707	2663.3645	2437.155	2612.1206	73.67513	2715.689	2502.4126	5908.396928787231
14	4141.015	162.41798	4374.9478	3877.7014	5113.825	80.08299	5252.7407	4972.666	1000.0	1000.0	70000	249.28912	106.57391	390.68915	59.687458	-251.5044	9.4567	1381.1493	40.842037	1418.3613	1303.9674	1510.8855	35.8555	1540.299	1441.5483	2535.0012	48.465916	2586.2168	2451.9187	2583.4927	46.065823	2629.3928	2503.4583	6479.163206577301
15	4356.16	196.66736	4674.774	4178.9756	5602.556	101.849304	5756.876	5393.978	1000.0	1000.0	75000	275.7586	111.52508	416.62497	68.5564	-278.00385	10.466665	1339.8406	63.233635	1394.65	1244.1158	1473.564	51.680542	1521.4834	1397.7437	2491.616	81.95246	2571.29	2364.7788	2540.189	76.58583	2606.441	2420.5217	7056.859833717346
16	4459.1743	203.57634	4735.295	4211.306	4797.9985	331.66797	5166.883	3972.7708	1000.0	1000.0	80000	302.31873	115.19617	446.6634	75.32431	-304.4916	11.603207	1239.5668	40.554268	1282.0356	1176.8475	1390.2783	30.736343	1433.5387	1346.8867	2365.6348	66.42093	2458.4531	2258.3472	2423.31	56.25285	2497.9136	2332.6174	7639.890125989914
17	4677.8477	119.37202	4812.014	4503.0723	5740.8643	91.42286	5874.6704	5565.38	1000.0	1000.0	85000	329.07867	117.91808	474.24936	90.058266	-331.5394	12.924124	1265.0938	79.70608	1360.6794	1171.0632	1413.4763	73.13204	1502.1279	1334.6691	2392.8198	84.19333	2497.547	2268.4465	2446.5952	81.40778	2550.5955	2334.721	8221.611816167831
18	4786.3433	198.11661	5100.556	4558.851	5532.879	71.30348	5636.915	5413.1133	1000.0	1000.0	90000	355.89993	119.54662	498.3682	102.56225	-358.48505	13.497786	1262.8761	48.743538	1315.3165	1199.9188	1411.4547	35.7486	1457.051	1360.5966	2393.259	76.35635	2460.5469	2292.849	2448.4778	66.54414	2508.1235	2363.2947	8801.009632825851
19	3786.5593	1649.9933	4886.0015	533.47534	6086.018	77.88986	6178.5586	5935.256	1000.0	1000.0	95000	380.78046	121.864555	528.34094	118.457855	-383.49493	14.932475	1508.3977	438.9697	2369.5962	1203.088	1632.4745	407.70364	2434.488	1356.2379	2645.159	414.5931	3450.6277	2338.3774	2687.6333	405.333	3476.6648	2390.2952	9373.193433761597
20	4956.3853	168.71405	5159.6523	4697.2407	6478.7363	73.2152	6610.102	6372.5693	1000.0	1000.0	100000	404.71252	125.13604	547.4191	129.59604	-407.23	16.144184	1276.9609	12.746258	1300.779	1262.5769	1415.7441	8.645301	1432.4124	1407.8573	2432.7075	23.795887	2469.175	2397.6313	2477.0913	20.808582	2511.1946	2448.1118	9957.889914035797
21	4016.2612	1830.8268	5065.667	367.88358	4183.4194	517.022	5066.973	3107.5073	1000.0	1000.0	105000	426.94754	130.13086	573.1847	136.95566	-429.8066	16.813135	1475.8967	333.9519	2125.5417	1222.5126	1604.9865	314.2701	2215.8257	1371.0421	2605.9575	303.098	3193.819	2364.1406	2653.0754	296.58228	3228.8843	2416.5396	10539.881956577301
22	4233.3506	1329.8134	5136.7407	1610.3975	6355.6846	50.584152	6425.9966	6285.8906	1000.0	1000.0	110000	447.20496	136.11823	597.0755	144.39043	-450.126	17.952776	1490.546	300.89645	2083.6492	1245.6029	1619.5208	280.09335	2171.918	1393.398	2619.4053	284.36197	3178.681	2381.2417	2667.7046	277.30084	3213.522	2437.7793	11116.531907558441
23	4990.055	429.1664	5506.0825	4228.5776	6724.7305	110.85358	6933.0537	6590.467	1000.0	1000.0	115000	466.98404	141.61703	617.83575	146.33455	-469.8849	19.582525	1379.0483	104.511154	1570.377	1278.3225	1515.2646	93.90279	1689.9124	1430.4994	2516.347	109.44433	2706.0083	2399.9177	2568.0789	106.022064	2753.6694	2454.3152	11690.6512196064
24	5253.783	82.10733	5356.737	5117.3677	6494.013	93.4625	6625.1445	6267.251	1000.0	1000.0	120000	487.79877	144.99422	646.9735	152.40776	-491.0093	20.338142	1374.5042	28.471392	1400.7885	1320.2166	1508.2565	24.37167	1527.6956	1463.5735	2519.9744	47.36612	2563.8027	2450.131	2568.6477	40.295074	2606.65	2504.369	12268.826410770416
25	5205.779	207.45103	5400.6274	4821.711	6737.117	680.5662	7037.528	4702.5806	1000.0	1000.0	125000	508.90793	145.15916	662.6115	160.4683	-511.6297	20.752537	1388.7018	26.359632	1410.9523	1340.0842	1513.5297	24.389637	1539.6003	1470.7673	2553.3564	37.228046	2614.978	2499.8013	2597.8843	33.45972	2649.3293	2545.2312	12841.040189504623
26	5236.815	180.1477	5503.4077	5010.9204	7167.0576	57.699486	7263.7334	7030.921	1000.0	1000.0	130000	529.1658	143.70808	679.0298	164.61298	-532.4054	21.815794	1444.0468	53.652405	1511.0663	1355.7028	1558.0424	44.870186	1603.3193	1475.1061	2625.8372	74.19413	2737.5205	2538.139	2667.77	67.94071	2766.9646	2577.8528	13415.072583913803
27	5319.529	91.28897	5409.257	5187.4077	6975.557	109.35221	7118.043	6758.3677	1000.0	1000.0	135000	548.71924	140.41034	694.25946	183.75314	-551.9704	22.08354	1420.4498	52.71064	1477.8411	1345.2314	1536.8868	52.512024	1591.9083	1473.3877	2601.487	52.884052	2655.1174	2500.97	2640.8071	49.83192	2693.27	2549.691	13986.238175868988
28	5343.6016	47.91758	5398.9917	5263.4917	7428.5283	127.13861	7679.6826	7193.501	1000.0	1000.0	140000	567.6869	135.20384	710.5528	188.26254	-571.146	22.265335	1393.9751	40.52776	1460.9677	1338.4663	1515.3768	37.59341	1579.9612	1468.2311	2570.2153	39.038113	2628.87	2508.9297	2609.1548	39.180893	2667.019	2546.5078	14559.406620979309
29	5566.31	123.14636	5767.6343	5421.506	5902.358	2780.3967	7588.4487	111.92225	1000.0	1000.0	145000	586.13367	129.29636	786.52075	234.70674	-589.4869	22.451616	1362.4672	66.679276	1481.4772	1289.2644	1489.9717	55.719296	1589.4897	1431.9664	2527.276	83.7246	2674.6091	2425.3906	2572.345	77.283905	2708.2847	2478.764	15133.945069551468
30	5547.868	160.21947	5735.5615	5354.594	7538.5547	90.16527	7661.858	7377.4385	1000.0	1000.0	150000	603.24414	124.109886	905.55945	242.49066	-606.694	23.18218	1394.1091	36.12946	1435.3065	1349.2397	1510.677	28.628183	1542.3844	1474.8861	2580.8115	53.197567	2650.948	2505.7625	2621.104	46.92859	2683.0283	2556.7944	15707.105495214462
31	5642.495	87.704765	5749.9727	5535.1074	7123.758	717.6661	7521.4062	5006.045	1000.0	1000.0	155000	618.3415	121.47572	977.80194	279.86435	-621.4069	24.262009	1420.0673	38.801105	1454.9685	1350.6735	1536.2582	34.31183	1567.4695	1478.6168	2602.4685	45.647053	2646.8289	2516.9993	2644.4973	43.53472	2683.264	2562.9258	16277.208147764206
32	5720.7646	204.16713	5858.2183	5314.3877	7292.952	103.87079	7454.75	7106.7344	1000.0	1000.0	160000	633.5874	118.781	1079.7795	297.59946	-636.9643	24.592043	1407.7725	24.301197	1447.5581	1377.3335	1531.5015	24.289684	1570.0863	1503.5618	2571.6155	23.876429	2605.9612	2532.1333	2617.61	21.677141	2650.8164	2582.4912	16849.806255102158
33	5682.6	122.7056	5887.2007	5566.429	7241.65	53.18577	7334.6465	7155.629	1000.0	1000.0	165000	648.479	117.14061	1190.5177	315.09848	-651.8962	25.860497	1449.6648	49.925632	1507.98	1366.6207	1567.3782	45.532284	1615.4163	1490.981	2620.35	56.739445	2696.865	2533.8298	2665.2585	52.636116	2734.004	2582.3413	17421.271552801132
34	5536.8896	233.82512	5898.8384	5234.0405	7464.669	65.31379	7559.9956	7395.6157	1000.0	1000.0	170000	664.63776	112.63816	1297.3079	331.85208	-668.61084	29.420206	1495.7224	52.32378	1582.6245	1424.9679	1620.4115	46.038235	1697.5465	1561.5232	2641.558	61.902184	2738.7493	2551.489	2690.8918	57.617584	2781.5503	2607.6843	17987.075716495514
35	4843.1514	1041.8386	5817.2705	3018.242	7287.0977	117.42998	7439.5576	7006.156	1000.0	1000.0	175000	681.82733	107.17367	1415.3027	371.8829	-685.5964	33.828266	1534.3141	151.68964	1791.2455	1362.5216	1670.3958	143.0562	1921.7219	1521.8828	2632.0344	137.19243	2830.8228	2444.4124	2687.6472	130.06618	2885.1626	2515.6304	18555.231227874756
36	3501.2527	2290.1392	5434.65	402.94223	7591.932	72.39899	7755.0083	7537.057	1000.0	1000.0	180000	697.2454	101.751465	1673.2312	422.6433	-701.3613	41.233612	1855.9795	401.73346	2379.6697	1467.4418	1955.1188	373.02896	2427.2817	1598.6423	2978.8801	376.99606	3519.77	2600.8667	3017.424	368.3381	3538.0867	2649.973	19124.300437688828
37	5068.5024	933.0239	5619.151	3209.7231	7150.264	67.46457	7266.2676	7064.1436	1000.0	1000.0	185000	712.4431	102.16195	1678.8195	459.32104	-716.10205	44.810326	1620.8025	250.92812	2100.1887	1434.0872	1735.3424	236.58827	2186.0134	1559.5887	2764.8232	225.09003	3196.454	2594.4932	2806.102	220.54114	3228.8909	2640.5293	19697.448758602142
38	5240.185	610.7959	5761.097	4056.6643	7551.7905	57.356342	7650.324	7450.5093	1000.0	1000.0	190000	723.9726	95.65117	1677.507	500.33035	-727.9969	44.90118	1594.1082	123.265205	1829.9711	1496.4424	1709.2963	111.922966	1927.1272	1626.9486	2742.622	125.54031	2971.179	2628.1345	2781.13	119.07943	3000.664	2672.6885	20265.126524686813
39	5752.762	229.42989	6079.659	5368.7236	7666.6865	54.175472	7743.459	7550.504	1000.0	1000.0	195000	734.04834	93.72467	1664.5472	532.1641	-737.82904	41.704742	1495.965	40.073277	1532.6124	1435.9927	1619.748	31.877443	1646.9926	1568.8035	2647.312	55.17036	2711.2234	2578.018	2687.523	49.770092	2743.0273	2619.6821	20835.81632375717
40	5844.8203	178.05891	6058.456	5577.187	7585.9033	60.11869	7749.1904	7527.2427	1000.0	1000.0	200000	743.8704	93.839096	1642.3652	530.5284	-747.99304	41.5538	1535.7903	70.37049	1641.0195	1425.1726	1647.8519	59.653275	1733.5663	1548.956	2711.7317	88.34711	2849.4487	2590.3042	2745.664	83.145645	2878.1094	2629.9524	21409.927001476288
41	4654.752	2095.2534	6022.312	512.0355	7781.5093	115.18765	7920.946	7517.663	1000.0	1000.0	205000	756.00446	96.088844	1715.0767	542.108	-760.1928	44.20991	1764.8933	468.96268	2691.9485	1444.6842	1867.7683	450.12195	2758.3901	1556.6936	2898.4172	392.54095	3669.5125	2613.0842	2933.602	394.56152	3709.6511	2654.514	21985.42012143135
42	5664.928	241.92325	5913.6084	5201.355	7317.621	138.71677	7662.3306	7086.24	1000.0	1000.0	210000	769.3982	103.31492	1719.3657	557.0821	-773.324	50.614532	1576.5233	73.80601	1710.5006	1484.6316	1679.018	64.4443	1797.6769	1602.2568	2765.272	84.60697	2911.1018	2656.0618	2796.6116	78.68755	2934.4631	2694.6863	22557.632204294205
43	4022.146	2035.7666	5764.813	648.8198	5124.5854	3729.3723	7941.545	-585.6373	1000.0	1000.0	215000	783.18256	109.32523	1901.2	575.09045	-787.4994	57.56763	2014.6959	405.60007	2697.9512	1652.2797	2092.5288	392.588	2756.0007	1743.7736	3151.377	324.54898	3687.8806	2855.08	3179.547	327.459	3720.4885	2879.267	23136.53390097618
44	-653.72156	174.07802	-461.65308	-918.04156	-641.4545	125.73606	-460.4659	-863.8891	1000.0	1000.0	220000	808.3199	138.22011	1931.6951	593.5582	-813.29425	81.10239	2474.0928	148.44495	2703.442	2239.855	2575.8867	134.24097	2782.5547	2367.9705	3382.2434	160.75798	3627.2537	3120.578	3460.6375	146.15295	3684.079	3222.9304	23707.07836675644
45	-484.46265	74.33208	-372.82877	-576.33093	-1116.1132	94.89472	-939.1981	-1243.7772	1000.0	1000.0	225000	872.6588	142.99074	1759.1826	665.8528	-884.6883	99.414185	2561.5269	168.23618	2769.339	2261.9976	2633.3748	148.49643	2828.75	2379.3772	3544.5715	198.592	3733.7153	3167.3499	3598.8457	178.15211	3777.7346	3260.8298	24244.90388584137
46	-703.8036	236.24586	-334.58588	-983.4832	-559.8773	103.77845	-397.57068	-828.8777	1000.0	1000.0	230000	970.96405	128.67828	1895.5028	689.1209	-981.2418	91.51502	2719.593	285.84073	3149.3684	2287.072	2791.9282	266.74957	3200.1794	2393.4421	3644.4062	269.72296	4023.5654	3219.2805	3697.9277	252.29916	4058.016	3302.9717	24613.55348086357
47	249.78694	1116.0095	2437.7585	-538.41455	6154.6777	845.3139	6617.411	3639.853	1000.0	1000.0	235000	989.0476	123.2051	1830.8015	712.5522	-992.8769	65.06272	2521.705	360.0649	3106.5674	2054.0532	2598.6206	338.07098	3141.716	2132.2302	3502.6238	340.50888	4057.6926	3131.147	3557.6875	320.45657	4082.6758	3209.6182	24982.917047977448
48	3676.825	2160.636	5603.6504	536.79224	2003.6045	1419.0367	4943.7476	47.334396	1000.0	1000.0	240000	967.18616	120.47996	2469.3943	698.8496	-970.5992	51.43796	1936.5485	660.85333	3098.9395	1428.48	2101.8015	592.372	3149.543	1642.4304	2806.834	685.2007	3994.3193	2277.959	2929.3372	631.3797	4028.5896	2450.1206	25354.005234241486
49	2894.497	2289.0515	5493.1797	290.9771	702.9066	767.17975	1984.5284	-542.8098	1000.0	1000.0	245000	950.05505	135.47926	2632.5742	686.6718	-953.3093	49.914494	2207.1948	571.04834	2865.0713	1537.1344	2330.33	526.27563	2934.3564	1725.5826	3135.4912	537.2402	3761.7234	2468.3193	3218.9282	508.52158	3809.9514	2596.3645	25723.362699747086
50	4776.7437	1152.4034	5627.394	2490.4143	7398.1045	83.45053	7506.2915	7277.1626	1000.0	1000.0	250000	929.7526	127.29845	2296.46	671.6745	-933.0986	45.24249	1815.2507	365.59937	2543.0674	1586.1489	1958.7903	340.53717	2637.0786	1750.6097	2805.6343	333.3853	3467.1812	2575.819	2899.7246	316.96292	3529.5735	2690.1406	26094.34489274025
51	3993.7559	2315.0461	5989.0527	84.7052	7053.655	2041.3724	7845.3345	934.26355	1000.0	1000.0	255000	911.85547	114.700066	2109.6143	675.4438	-915.6218	40.054752	2031.4459	593.7736	3054.488	1554.5564	2152.3748	548.0581	3101.1018	1721.2178	3026.5864	561.80347	3979.6113	2548.944	3105.5142	532.8972	4012.3794	2658.3616	26461.15952897072
52	3654.2075	2137.2207	6136.8833	478.8985	7879.2383	92.46958	8021.748	7748.5635	1000.0	1000.0	260000	894.2454	98.00693	1858.1304	563.2857	-897.5968	33.361538	2115.6995	419.30658	2742.3206	1636.0394	2223.7437	384.4861	2802.6492	1786.4203	3127.377	398.96622	3708.92	2664.7622	3195.9937	377.41565	3749.2065	2757.6504	26835.21914076805
53	3834.8313	2337.0417	6032.418	708.14594	7986.7725	56.30182	8097.5063	7908.0586	1000.0	1000.0	265000	876.4915	91.08898	1632.6814	443.9032	-879.567	30.897776	2264.3813	761.05316	3221.62	1607.0277	2374.808	710.3728	3272.0103	1764.2269	3226.548	693.15985	4076.326	2615.6226	3298.216	659.99994	4106.6787	2716.2363	27206.662636995316
54	2925.2507	1907.1554	5876.4062	720.35876	7846.91	74.1184	7942.463	7722.257	1000.0	1000.0	270000	856.7654	91.482475	1462.2958	373.0727	-859.7652	31.738775	2197.7566	371.48666	2693.155	1584.8715	2306.2234	342.49136	2764.6824	1738.4207	3178.893	350.2575	3634.3118	2607.7998	3250.6716	332.89774	3685.0435	2705.2864	27578.429703950882
55	3354.7954	2238.9927	5850.915	40.87466	7646.7344	53.803856	7719.8755	7517.919	1000.0	1000.0	275000	837.83453	97.281006	1285.168	351.88824	-840.6834	30.679287	2163.3384	544.895	2933.3735	1568.89	2276.646	503.59525	3006.4941	1726.3179	3143.669	509.71368	3801.2253	2588.306	3217.584	481.89902	3847.5608	2691.3064	27950.629586219788
56	3817.6296	2267.6208	6002.882	118.76864	8012.509	126.2023	8186.535	7707.8965	1000.0	1000.0	280000	817.77325	110.19575	1169.0581	358.30673	-820.5869	28.152338	1965.7848	432.41342	2492.6301	1538.3667	2089.709	393.17075	2580.6313	1709.3159	2970.669	427.27878	3514.0757	2522.0137	3049.5278	402.31937	3555.0947	2633.5198	28319.122655153275
57	5797.368	141.17151	6014.7793	5631.563	7817.362	92.25157	7998.9604	7625.634	1000.0	1000.0	285000	800.47784	126.44346	1018.64966	297.6384	-803.3244	30.122766	1592.7714	37.334045	1626.7457	1521.0587	1755.8884	37.050053	1783.5638	1683.4276	2591.3418	33.123245	2634.633	2540.5503	2695.4563	33.001705	2734.9902	2638.5676	28685.486332416534
58	5638.19	125.38591	5748.8623	5397.4395	8074.357	89.20092	8242.698	7950.6724	1000.0	1000.0	290000	786.7099	142.3799	943.7002	286.02057	-789.6069	28.624687	1688.7253	32.093098	1747.0834	1650.8281	1834.653	29.030285	1883.6466	1794.1708	2716.469	36.901615	2789.0881	2690.4202	2809.0298	32.709984	2873.4905	2787.4937	29053.330097436905
59	5721.8633	255.49954	6126.1353	5448.3726	8250.693	113.173965	8446.057	8067.3423	1000.0	1000.0	295000	774.52344	156.51706	937.42487	281.63892	-776.9699	27.342056	1740.9635	26.179548	1782.5238	1712.7568	1872.3274	19.714266	1900.53	1845.4292	2799.191	39.25009	2863.714	2763.0295	2879.1968	33.33817	2932.1648	2850.5393	29422.669600963593
60	5923.6377	185.17963	6237.9497	5696.745	7605.5063	1317.7063	8172.5938	3660.9082	1000.0	1000.0	300000	765.22437	169.45233	934.35736	299.0986	-768.58673	26.6832	1834.6243	17.059486	1849.168	1803.0535	1937.8512	17.68803	1951.4003	1903.3579	2950.1216	30.414621	2976.5486	2898.7493	3009.4897	25.429588	3033.6086	2970.7537	29792.075288057327
61	5769.1836	145.22957	5960.9775	5516.993	7776.9766	82.740555	7932.3022	7649.73	1000.0	1000.0	305000	757.2899	181.26787	929.4313	333.6555	-760.0328	26.842232	1872.1067	34.213894	1919.617	1824.5759	1969.0852	27.855848	2006.2838	1936.7004	2997.4233	49.785984	3066.3164	2914.612	3050.7195	43.90073	3110.7043	2977.8386	30161.468774080276
62	5713.5786	99.28444	5814.4263	5567.5483	7690.7227	119.81051	7863.115	7471.063	1000.0	1000.0	310000	749.98157	192.96011	931.6627	306.63144	-752.4862	26.68476	1908.1777	36.75646	1947.5822	1845.9315	2005.524	31.996195	2043.4055	1949.6772	3023.3928	44.889816	3071.6272	2958.2136	3076.8545	40.007824	3116.0203	3013.9175	30533.757774829865
63	4954.032	1366.262	5804.4473	2229.5195	7837.628	284.08463	8256.162	7283.3237	1000.0	1000.0	315000	743.12427	204.44177	928.5733	278.15765	-745.7977	26.802809	1960.575	207.8342	2373.5906	1812.9695	2061.2751	197.39465	2453.9856	1924.957	3050.4766	174.53471	3394.7483	2911.4612	3103.9927	171.33386	3442.4915	2969.9456	30905.463262081146
64	5639.173	367.92194	6063.829	5125.0103	8181.5454	69.79479	8300.775	8069.2007	1000.0	1000.0	320000	738.55176	213.64015	926.5096	253.14175	-741.2507	27.330362	1890.8223	53.547253	1934.683	1790.7935	1992.2959	45.543457	2030.4482	1906.5348	2999.1265	62.85417	3048.9307	2885.1206	3051.9155	57.494267	3094.702	2946.6133	31272.875540733337
65	5869.209	210.35583	6226.8164	5617.357	7347.551	181.76117	7584.786	7089.0767	1000.0	1000.0	325000	734.9669	221.48828	927.9663	225.73509	-738.1271	26.57112	1845.0973	67.49146	1910.0526	1734.1589	1956.9459	59.99783	2014.7523	1855.5164	2938.7805	73.44275	3012.1968	2827.9548	3000.153	68.92884	3068.8801	2894.0664	31644.45303797722
66	5794.798	216.58203	6015.396	5445.0205	7853.443	203.2519	8180.4395	7471.661	1000.0	1000.0	330000	732.21545	228.27724	930.0969	206.46625	-735.6633	26.732075	1878.5354	38.439594	1944.5168	1825.1053	1978.6967	31.79547	2034.029	1935.0841	2996.1833	48.048775	3070.365	2928.5842	3049.7659	42.339775	3115.5994	2988.593	32016.310655117035
67	5753.5225	140.37315	5951.304	5607.1494	7814.4736	70.74128	7912.082	7699.351	1000.0	1000.0	335000	729.86957	234.34068	931.17377	185.14708	-732.6911	28.08703	1873.9359	57.901863	1953.8254	1819.305	1979.9391	47.903385	2044.527	1932.4841	2978.384	74.03906	3085.1138	2898.4927	3035.7214	68.02724	3131.3833	2965.2788	32389.530903100967
68	5758.731	228.8873	6076.2295	5539.907	8270.504	109.911606	8437.469	8076.9995	1000.0	1000.0	340000	728.4671	240.08366	929.4806	161.05061	-730.9908	27.447443	1831.4346	59.578056	1914.3593	1743.0157	1938.0518	50.99516	2007.5016	1861.5581	2942.391	68.951004	3041.4783	2844.3262	2996.5442	64.18226	3088.1548	2904.072	32761.908417463303
69	5891.1133	233.71092	6268.592	5614.475	8115.0024	171.97182	8350.798	7802.5303	1000.0	1000.0	345000	728.25867	244.63243	927.16547	147.09305	-731.064	28.336441	1815.8988	30.155615	1844.6681	1758.9288	1927.5322	25.868181	1956.5117	1879.7712	2915.61	37.8914	2952.0386	2844.8425	2976.018	33.4838	3004.4263	2912.9197	33133.22036552429
70	6073.0947	186.99342	6398.3945	5856.5444	8343.752	98.17726	8475.172	8152.5317	1000.0	1000.0	350000	726.77203	249.35152	929.2393	133.34708	-729.5444	27.12758	1813.8088	50.30751	1887.5033	1768.7295	1926.1082	43.649624	1984.466	1882.4357	2910.487	62.81954	3016.8074	2847.9468	2972.286	56.720715	3064.599	2918.8665	33506.72908496857
71	5892.592	229.97397	6292.5874	5638.203	8228.586	50.70929	8321.16	8161.861	1000.0	1000.0	355000	726.78046	252.56322	928.4241	118.29714	-730.033	26.805798	1903.2366	25.141891	1944.9736	1868.0656	2000.8174	28.643656	2041.0751	1957.6682	3027.3938	21.387732	3061.6035	2995.1226	3078.149	19.183722	3113.4146	3058.9526	33875.505590200424
72	5712.623	293.737	6011.135	5278.03	8172.233	94.246414	8304.778	8044.8945	1000.0	1000.0	360000	726.5813	255.50772	930.80084	68.24513	-729.1317	26.749348	1940.5686	29.319656	1981.5569	1914.339	2038.1107	28.121952	2073.2751	2012.2079	3052.054	32.433475	3108.906	3016.8813	3103.518	29.446217	3154.3735	3072.3855	34245.99314618111
73	4234.311	1883.2981	5843.524	1292.1006	8351.1875	118.647224	8538.93	8075.646	1000.0	1000.0	365000	726.32	258.18533	930.1956	74.53733	-729.2269	27.663837	2070.8604	225.65071	2427.0425	1863.3585	2163.7603	212.16559	2496.3037	1959.9242	3149.4185	194.29523	3461.088	2948.3315	3200.3442	190.53448	3506.5234	3009.8293	34615.94566106796
74	5995.8696	182.3682	6173.7827	5667.3975	8159.389	69.31605	8236.091	8049.7354	1000.0	1000.0	370000	726.99554	259.93518	938.4663	64.48697	-729.92706	28.083176	1814.196	60.431778	1913.593	1730.29	1925.3422	51.84173	2007.231	1851.679	2915.7734	72.261375	3044.603	2824.848	2973.041	67.66911	3092.2202	2885.6465	34985.3677277565
75	5813.435	410.28644	6281.338	5187.6274	7914.617	98.73345	8042.4277	7694.017	1000.0	1000.0	375000	728.0161	261.54514	932.7652	39.841904	-731.4022	28.072025	1902.028	73.2831	1982.1296	1802.7532	2002.9	65.96428	2085.443	1914.2473	3014.9163	79.95751	3112.2578	2909.2058	3065.6184	73.98171	3150.1165	2963.6484	35357.21984767914
76	5938.8213	113.80322	6130.4043	5804.2773	7976.651	83.8476	8122.8076	7878.0815	1000.0	1000.0	380000	729.9079	263.41205	933.49054	34.396236	-732.7469	29.638187	1871.5258	52.813843	1943.8679	1792.6736	1975.6562	47.343166	2038.7185	1907.7882	2979.198	57.91341	3062.1238	2887.1	3034.1523	54.108753	3111.326	2949.7964	35729.894104003906
77	5520.69	1126.7709	6152.8022	3268.697	7785.35	415.15582	8237.31	6664.524	1000.0	1000.0	385000	730.7509	265.3533	936.99475	14.715509	-733.0075	30.308994	1906.1973	163.2459	2217.815	1740.2715	2004.0867	154.08272	2302.1936	1859.3473	3020.56	142.8654	3277.2354	2841.6497	3067.8674	140.94376	3324.0413	2896.8582	36101.45841503143
78	6102.9185	113.9242	6217.7295	5887.628	8343.049	120.60327	8553.207	8090.62	1000.0	1000.0	390000	732.4506	266.60107	940.6717	8.777623	-735.4911	31.010878	1822.6342	61.661217	1938.0824	1756.9015	1931.9961	50.608383	2024.43	1871.6881	2928.873	79.38869	3082.2708	2864.9277	2985.6765	69.76228	3119.3647	2922.5647	36479.413623571396
79	5976.8154	95.17344	6117.229	5818.578	8404.918	70.33914	8516.312	8325.857	1000.0	1000.0	395000	735.1318	266.75497	938.4778	7.203134	-737.8084	29.286997	1882.0186	60.238796	1953.8765	1770.5437	1982.2148	55.55752	2053.7966	1882.0809	3000.268	59.621502	3052.2578	2883.9856	3049.1006	57.581646	3104.4443	2938.024	36848.64154338837
80	6063.714	63.071228	6144.99	5984.97	8254.933	447.3697	8605.205	6953.7563	1000.0	1000.0	400000	736.3325	266.2926	936.72095	-9.575794	-739.42114	28.92451	1876.5934	38.641636	1917.9182	1817.3019	1971.099	32.25925	2007.0409	1917.2825	3012.211	52.1845	3084.5725	2945.4202	3057.5757	48.267548	3122.6667	2995.622	37216.71524858475
81	6084.609	78.135155	6214.681	6003.4385	6923.118	696.0946	8015.0737	5127.014	1000.0	1000.0	405000	738.88495	265.32373	936.68115	-13.640119	-741.7549	29.750988	1819.2754	68.89219	1916.455	1715.6943	1929.4586	54.947906	2001.3091	1845.1355	2927.0747	92.77357	3069.4321	2791.9185	2981.686	83.72581	3108.0742	2858.5952	37588.3131942749
82	5967.5034	192.80536	6229.6465	5670.282	8415.0625	115.918335	8598.651	8215.653	1000.0	1000.0	410000	740.65485	265.3699	941.3572	-28.356524	-744.1506	29.907988	1914.025	39.02173	1970.0507	1864.4531	2006.7676	34.690372	2058.7654	1969.963	3046.4478	46.625072	3104.9563	2968.2039	3093.0247	41.240547	3147.9905	3027.2786	37958.98028063774
83	5909.5776	210.14551	6218.3496	5565.532	8470.716	125.554245	8619.494	8202.093	1000.0	1000.0	415000	743.6997	262.514	940.7476	-15.411948	-747.21326	30.515738	1903.4603	42.39755	1968.2422	1838.8401	1998.5286	37.273205	2054.5054	1939.5743	3033.3975	46.764904	3105.467	2966.4558	3078.7307	43.5804	3147.4695	3015.6853	38328.07614207268
84	6079.496	239.18604	6523.3164	5829.1377	8626.041	198.12245	8824.619	8090.8013	1000.0	1000.0	420000	745.964	260.49835	942.44196	-23.393093	-749.51025	28.795662	1882.7161	31.720564	1937.2764	1839.608	1983.2386	29.623522	2034.5682	1943.6023	3001.6008	29.810083	3050.1382	2958.532	3051.5493	28.178034	3097.1514	3009.8196	38697.12843346596
85	6077.576	144.40431	6253.359	5832.807	8219.076	122.94558	8391.876	8022.8335	1000.0	1000.0	425000	747.81775	259.28552	942.5551	-18.293018	-750.991	29.813793	1919.0518	42.52954	1989.3268	1873.2114	2019.3441	33.77085	2080.1243	1987.4479	3033.517	59.939747	3115.6252	2950.6367	3085.6433	52.287903	3159.7183	3016.246	39067.010630607605
86	6145.3584	175.33835	6476.0264	5988.6934	7863.464	158.87347	8085.6104	7534.331	1000.0	1000.0	430000	750.9389	255.84898	941.2109	-23.254166	-754.0943	29.92764	1942.2664	66.11015	2019.1384	1855.2671	2038.8851	55.3202	2113.768	1969.9214	3056.1392	86.18202	3175.3074	2937.364	3105.8438	77.118904	3208.3638	3000.6995	39440.29623270035
87	5975.253	164.62215	6284.2407	5824.4414	8588.133	110.96887	8812.815	8465.331	1000.0	1000.0	435000	753.9584	252.56947	944.0107	-23.401403	-757.5139	28.886724	1926.3285	67.026855	2004.2991	1817.7059	2024.165	60.30606	2094.278	1925.3726	3041.6436	71.7392	3123.5374	2929.4146	3092.9714	67.96357	3169.724	2983.8396	39812.06716632843
88	6088.044	296.28836	6324.7417	5513.887	7509.4014	759.79987	7968.1763	5278.1157	1000.0	1000.0	440000	756.4135	249.42297	941.79755	-39.15919	-759.61945	28.39903	1965.2367	62.675644	2034.3182	1885.6705	2066.0352	58.053055	2128.891	1996.0175	3061.7466	61.92783	3129.2083	2968.791	3115.9624	58.47587	3179.926	3032.4712	40181.08698749542
89	5951.411	176.15726	6226.723	5697.186	7875.811	140.14023	8032.801	7555.8516	1000.0	1000.0	445000	759.9349	245.70995	946.34625	-37.87468	-763.0652	28.911915	1939.8278	34.19523	2007.0464	1916.4979	2039.6471	32.23654	2101.6643	2015.6191	3048.0747	34.49964	3116.0374	3024.9102	3100.3218	31.806444	3163.4297	3079.1506	40552.31181240082
90	6056.408	127.07787	6192.232	5875.9966	8239.568	71.831566	8376.045	8127.029	1000.0	1000.0	450000	763.22406	242.34814	945.06726	-29.61321	-766.5585	28.761356	1956.3398	74.89885	2034.5564	1835.0275	2048.061	66.99012	2122.76	1938.7467	3082.5408	84.60371	3180.003	2949.7183	3126.6367	76.55084	3210.1099	3006.207	40919.35480046272
91	6127.624	186.3939	6396.09	5810.3096	8897.473	83.73485	9025.733	8714.812	1000.0	1000.0	455000	766.2098	239.0334	942.70105	-19.73474	-769.4774	26.797613	1964.6602	25.521765	2010.1377	1934.5275	2050.978	21.04269	2087.912	2027.0607	3102.92	32.738503	3162.2126	3063.6003	3142.7769	29.547218	3195.6714	3106.3503	41287.08798789978
92	6132.882	166.76407	6367.068	5927.0093	8356.434	89.56964	8477.093	8203.926	1000.0	1000.0	460000	767.3337	238.40744	945.848	-22.527184	-770.0364	26.31454	1953.5404	21.99085	1987.5164	1920.2377	2046.1833	22.321379	2078.1665	2009.1653	3078.5576	18.850481	3110.1418	3058.8547	3123.8792	18.297781	3155.4607	3102.0027	41656.1961915493
93	5927.0054	136.50012	6153.3213	5763.24	8767.604	101.36991	8898.226	8616.37	1000.0	1000.0	465000	769.082	236.50154	947.3727	-20.551012	-771.7669	26.652176	1968.8174	42.368748	2041.7638	1912.625	2060.2925	38.220146	2126.0366	2012.5356	3093.4485	47.396477	3173.2864	3024.5066	3137.3909	44.324375	3212.6501	3073.6465	42025.03732562065
94	6068.6123	174.05319	6347.7505	5878.3984	8398.838	97.932686	8575.147	8238.664	1000.0	1000.0	470000	771.44257	234.04816	948.67737	-29.22254	-774.6899	26.672844	2010.2793	60.154884	2098.2073	1922.7019	2094.9126	52.603363	2173.1401	2015.8434	3142.693	67.94112	3231.2397	3050.6108	3181.5034	64.77649	3266.0994	3090.4402	42395.95253658295
95	6156.498	179.64496	6347.2925	5829.56	7866.9287	672.3462	8475.284	5935.689	1000.0	1000.0	475000	773.12756	232.54985	945.32635	-42.788002	-776.9558	26.777306	2054.6606	40.450226	2096.9001	1989.083	2128.6597	36.682854	2163.1323	2066.623	3206.6548	42.554295	3262.1187	3147.2534	3237.4321	41.48268	3291.0032	3178.526	42764.474662303925
96	6142.8125	90.01998	6305.083	6042.4043	8588.934	71.09738	8752.866	8490.329	1000.0	1000.0	480000	775.3902	231.09772	945.6811	-46.386806	-778.4551	25.324068	2025.7283	57.00447	2090.1018	1940.9707	2101.8694	49.47957	2157.5735	2029.5673	3179.6392	67.71452	3257.6301	3075.48	3210.7937	62.034077	3282.8354	3116.4854	43135.29878902435
97	6176.4688	164.11868	6380.4746	5902.266	8346.208	132.54358	8580.487	8106.4614	1000.0	1000.0	485000	776.88324	230.22754	946.09607	-51.894043	-780.0226	25.515444	2017.9174	19.388506	2036.6082	1983.9478	2095.9006	20.980988	2114.8682	2064.9827	3168.1013	18.248178	3188.7605	3137.5024	3200.7751	14.868641	3215.5059	3173.148	43507.75824022293
98	6139.292	217.69931	6519.5444	5909.526	8485.049	143.23572	8639.463	8205.857	1000.0	1000.0	490000	778.49725	227.65483	946.81647	-55.183052	-781.5258	25.97323	1995.71	51.417133	2093.5825	1950.9772	2078.104	45.139812	2161.944	2034.4259	3138.0112	59.580208	3254.487	3098.017	3173.8555	55.186092	3281.1719	3135.1658	43876.79421401024
99	6150.919	43.666927	6208.123	6088.416	8689.229	131.59178	8892.122	8493.832	1000.0	1000.0	495000	781.451	223.65399	947.3968	-62.73477	-784.296	25.776094	1991.9906	46.72833	2043.4478	1927.1694	2069.8276	47.340088	2119.8965	2001.4625	3144.6406	38.405697	3194.0576	3099.8203	3179.085	39.757137	3228.5696	3132.9602	44244.749979019165
