Epoch	AverageEpRet	StdEpRet	MaxEpRet	MinEpRet	AverageTestEpRet	StdTestEpRet	MaxTestEpRet	MinTestEpRet	EpLen	TestEpLen	TotalEnvInteracts	AverageQVals	StdQVals	MaxQVals	MinQVals	LossPi	LossQ	AverageEpUncertainty	StdEpUncertainty	MaxEpUncertainty	MinEpUncertainty	AverageEpUncertaintyClipped	StdEpUncertaintyClipped	MaxEpUncertaintyClipped	MinEpUncertaintyClipped	Time
1	-271.75757	49.365044	-204.19899	-340.80762	-387.36316	58.774723	-285.4647	-495.37256	1000.0	1000.0	5000	2.5874972	3.3015115	21.557562	-4.203987	-3.5972555	0.20077425	0.0	0.0	0.0	0.0	0.0	0.0	0.0	0.0	62.66907215118408
2	-211.6685	61.39091	-124.33945	-310.8734	-550.5492	57.95206	-458.16788	-673.70984	1000.0	1000.0	10000	22.347242	11.092575	59.271923	-1.2093518	-25.267572	1.2150018	0.0	0.0	0.0	0.0	0.0	0.0	0.0	0.0	124.78988194465637
3	-358.55115	89.76526	-255.25984	-519.3448	-470.2902	118.154	-228.7586	-620.42065	1000.0	1000.0	15000	49.10468	10.097451	85.06475	24.569765	-51.263912	2.7962859	1964.5398	220.97008	2253.3691	1670.0929	2145.8022	185.9845	2390.127	1913.6069	305.6404118537903
4	28.073502	191.02719	389.8231	-144.02382	256.57852	260.62872	611.19183	-206.81032	1000.0	1000.0	20000	59.43786	13.866211	118.455635	37.142685	-60.602764	2.7079978	1882.778	183.03856	2084.5688	1568.083	2067.1035	146.22473	2240.4539	1828.9698	486.57791209220886
5	1192.3315	445.13922	1791.7147	510.4054	2122.3452	267.1029	2497.7002	1492.7802	1000.0	1000.0	25000	70.24952	20.98816	139.36272	40.225952	-71.612915	3.2781277	1856.9089	96.14799	2024.5398	1740.4674	1992.1335	89.33969	2142.5552	1868.6733	669.9249408245087
6	2343.481	311.1233	2655.4158	1816.6508	2792.5347	569.7981	3290.3972	1415.7554	1000.0	1000.0	30000	90.2804	31.054813	177.11496	44.88714	-91.984924	4.0836267	1695.1168	62.36405	1812.0071	1635.6249	1820.0417	54.236115	1923.368	1767.4093	852.381353855133
7	2835.6924	83.23953	2959.5613	2764.994	2910.6914	1462.6484	3765.4766	-527.4107	1000.0	1000.0	35000	117.01577	41.30733	208.82549	52.07042	-119.09995	4.8644547	1643.2444	57.20435	1720.6024	1542.7968	1792.2742	47.103638	1848.9186	1705.8579	1035.2252402305603
8	2552.206	820.47363	3077.712	919.4452	3375.316	571.945	3803.698	1864.4076	1000.0	1000.0	40000	144.67027	49.728825	242.27664	60.952824	-146.63289	5.966167	1812.2678	148.99327	2081.335	1641.2598	1959.2546	145.26439	2224.667	1796.6749	1218.475646018982
9	1808.2493	1272.1683	3517.4592	-15.577727	3645.543	230.7972	3939.909	3070.9868	1000.0	1000.0	45000	164.68437	60.091625	274.83615	66.24759	-166.60059	7.0176578	2054.6865	323.28854	2562.8635	1637.9752	2178.7473	299.9938	2646.6008	1795.214	1402.4797005653381
10	3612.0957	40.209923	3651.638	3535.46	4412.5703	178.21916	4715.141	4105.5156	1000.0	1000.0	50000	189.23814	70.44187	306.95676	70.16251	-191.15955	8.336415	1609.5771	38.911694	1658.8802	1562.3126	1761.8176	37.737877	1814.9089	1721.154	1585.3906614780426
11	3765.4973	232.98433	4091.498	3450.4944	3851.8782	458.50323	4495.2715	2990.6208	1000.0	1000.0	55000	217.66333	78.27911	342.5792	74.68407	-220.07436	9.58177	1607.7283	40.75479	1657.3867	1567.3358	1749.1998	35.289673	1798.0248	1714.574	1768.6358423233032
12	3480.5261	1045.5858	4218.274	1415.7731	4278.9756	658.32556	4874.2485	2663.7866	1000.0	1000.0	60000	247.27757	81.9701	371.69406	83.88934	-249.6398	10.434734	1691.9072	243.29955	2161.6301	1451.9635	1836.4846	226.10263	2275.919	1623.9086	1951.7986550331116
13	4191.3193	127.68846	4407.8447	4058.1318	4750.296	137.63635	4960.022	4523.35	1000.0	1000.0	65000	275.35593	84.579895	398.42703	103.844765	-277.87143	11.298109	1614.408	34.864452	1658.142	1564.6708	1763.0023	32.4047	1810.2742	1722.3486	2135.6079366207123
14	4306.406	98.99218	4460.4946	4181.555	4476.2188	350.04614	4900.6367	3601.7417	1000.0	1000.0	70000	302.85654	89.13623	426.53195	110.090126	-305.30145	11.747555	1562.1561	38.288902	1609.1659	1493.8123	1713.7197	33.602802	1750.5596	1651.2961	2319.3374214172363
15	3860.8008	404.0534	4548.471	3463.414	5254.9756	434.24896	5652.9546	4123.8594	1000.0	1000.0	75000	328.21457	93.348854	458.51825	120.450165	-330.8185	12.783719	1657.35	75.34236	1768.6427	1562.842	1805.1038	69.66485	1911.1136	1711.9763	2502.9462559223175
16	4182.2925	630.44214	4829.6265	3117.6301	5486.261	236.32874	5713.4863	4928.4355	1000.0	1000.0	80000	352.78732	98.0371	488.5184	127.566895	-355.331	14.194316	1575.549	123.1425	1799.9008	1449.5549	1726.22	112.341415	1933.3032	1611.6333	2687.1565132141113
17	4771.0347	293.23752	5013.9155	4207.584	6017.926	156.24988	6277.6455	5747.9297	1000.0	1000.0	85000	377.1012	101.98965	522.2958	132.94424	-379.9032	15.866823	1449.4241	36.173946	1520.9404	1422.6077	1618.1119	33.183575	1684.1243	1599.0178	2871.9615511894226
18	4822.5635	580.0567	5267.362	3736.623	5970.1167	271.98022	6291.961	5295.201	1000.0	1000.0	90000	402.6307	104.52872	541.1664	145.29626	-405.4365	16.658709	1495.0074	95.07348	1670.4468	1398.967	1659.1326	87.32451	1819.7135	1572.565	3055.034370660782
19	4986.922	160.8358	5254.4863	4751.3726	6225.214	84.42109	6393.548	6111.115	1000.0	1000.0	95000	426.68106	107.17464	569.89594	162.46252	-429.43365	16.964298	1471.8849	64.12475	1538.3138	1376.8896	1646.7815	52.851295	1699.1624	1567.6595	3238.893882751465
20	5024.085	155.63731	5186.7725	4745.831	6409.757	141.55087	6664.815	6207.4907	1000.0	1000.0	100000	450.3949	108.332214	596.2408	174.6103	-453.36606	17.971613	1455.4775	41.779858	1496.1489	1394.5206	1629.8047	36.465263	1664.8107	1576.5176	3423.2622368335724
21	5127.3765	250.78452	5415.339	4842.6655	6581.258	157.57497	6850.098	6337.0493	1000.0	1000.0	105000	472.75327	109.2717	618.61694	184.76344	-475.7197	18.546309	1462.9873	42.176838	1535.5682	1406.0623	1632.6018	39.68452	1701.4252	1578.5103	3606.9650750160217
22	5076.4126	374.05344	5631.7285	4650.4336	6816.2437	154.1597	7025.0513	6542.8423	1000.0	1000.0	110000	494.91782	108.05081	638.77203	203.36131	-497.9428	19.109497	1503.1025	46.792637	1559.8379	1442.0437	1668.9678	41.11916	1719.6925	1611.0388	3790.8380992412567
23	5394.997	155.1582	5599.877	5165.223	6590.339	224.90761	6980.669	6078.6772	1000.0	1000.0	115000	515.79553	106.88432	653.71826	227.65417	-518.85974	19.259106	1448.7478	49.621635	1501.1085	1370.9282	1622.8861	44.378487	1680.8779	1556.8927	3975.8772025108337
24	5247.784	255.51877	5632.642	4831.818	7083.237	116.11084	7292.827	6830.7095	1000.0	1000.0	120000	534.3839	107.44552	673.55725	241.91348	-537.3361	19.12582	1487.1935	31.606295	1527.0194	1437.3025	1661.6418	27.899277	1700.4045	1624.971	4160.14053106308
25	5561.5225	47.762623	5653.3076	5522.6406	7266.175	97.28174	7467.2314	7082.1265	1000.0	1000.0	125000	551.88007	107.064926	685.0916	259.53363	-555.085	19.225971	1409.4158	52.42144	1463.5148	1325.0247	1591.5609	46.27513	1636.9065	1516.412	4345.004304409027
26	5583.5244	114.82549	5767.661	5426.3716	7053.0454	157.20541	7321.2734	6747.467	1000.0	1000.0	130000	568.71826	105.38895	710.5931	266.50323	-571.7988	19.359314	1499.5057	84.91623	1613.2905	1367.1769	1664.7766	72.24847	1767.5875	1553.2582	4528.770467758179
27	5337.618	507.13757	5879.343	4403.2935	6791.1313	109.06538	6976.021	6630.101	1000.0	1000.0	135000	584.0941	103.981865	721.0772	277.55615	-587.1853	19.460243	1570.8389	66.47263	1695.8058	1516.1553	1731.8457	61.83476	1848.5842	1682.4047	4713.627498626709
28	5583.8125	121.26575	5711.6025	5434.2246	6797.1367	102.23743	6989.27	6588.402	1000.0	1000.0	140000	598.1121	104.2836	736.3391	289.89746	-601.3056	19.381834	1558.3197	26.082909	1603.2186	1534.8141	1714.3672	21.363392	1747.8073	1691.5745	4897.120581865311
29	4628.046	1663.5181	5867.213	1397.4052	7470.4062	155.90201	7697.0503	7218.4194	1000.0	1000.0	145000	610.0706	104.222725	746.43097	302.86002	-613.08386	19.874468	1714.1342	264.39886	2237.3513	1550.785	1868.1462	249.20862	2360.2356	1707.1504	5082.084208250046
30	5581.9062	95.86678	5717.4	5442.6304	6877.4053	570.94244	7551.5586	5864.8433	1000.0	1000.0	150000	621.0923	105.2896	755.12775	308.12067	-623.844	20.851273	1566.2565	27.188925	1599.3198	1537.8812	1724.4951	27.127567	1762.8547	1692.3317	5267.1806626319885
31	5364.9756	664.98157	6152.9653	4132.277	7631.975	132.1946	7846.359	7419.702	1000.0	1000.0	155000	631.6051	107.438034	764.95886	307.53326	-634.3759	21.423647	1631.6512	173.13855	1972.7637	1503.9235	1786.2582	160.50977	2102.9377	1666.2195	5450.481742143631
32	5701.658	169.60522	5803.6777	5363.6655	7307.178	257.83566	7641.1226	6772.0586	1000.0	1000.0	160000	641.86664	108.11214	772.3715	307.49545	-644.6052	21.827503	1572.553	52.526493	1650.8939	1494.8224	1729.8373	46.182056	1802.0985	1663.6443	5634.8398423194885
33	5659.435	190.70319	5946.07	5427.975	7501.15	292.5373	7791.6816	6702.9146	1000.0	1000.0	165000	651.9055	108.48252	780.9378	281.2075	-654.6932	22.076303	1562.8035	26.103739	1594.659	1525.5831	1717.2494	24.648565	1750.9272	1678.233	5819.786600112915
34	5613.5684	189.5489	5827.094	5285.6616	7995.751	78.671616	8084.5435	7829.259	1000.0	1000.0	170000	661.1049	109.07908	789.03156	301.57977	-663.8477	22.163206	1645.1891	38.72349	1680.1393	1573.4961	1784.1777	32.76701	1817.5249	1722.6238	6004.183769226074
35	5850.533	144.5593	6055.67	5657.2573	7191.048	374.54092	7577.5034	6139.7583	1000.0	1000.0	175000	670.1298	110.14668	796.5303	311.4992	-673.2576	21.97228	1627.0442	27.385662	1669.4717	1594.9291	1769.4202	22.920626	1806.2373	1743.3734	6188.591353416443
36	5836.8643	228.38364	6135.5015	5614.047	6985.8594	2296.0957	8380.25	215.15169	1000.0	1000.0	180000	679.1794	110.29949	820.803	302.62787	-682.0868	22.605602	1700.1404	28.232775	1756.2642	1681.012	1836.6117	22.923101	1882.3018	1823.6522	6373.0889544487
37	5802.1943	242.6926	6000.3677	5338.1846	6777.5273	2017.3634	8057.5386	1078.1123	1000.0	1000.0	185000	687.9539	110.32174	829.97577	310.64954	-690.8171	23.334078	1646.6013	75.15059	1756.7573	1554.5526	1788.5475	69.84932	1895.2079	1705.5219	6558.010545969009
38	5668.4424	487.13632	6159.009	4746.6855	7822.681	465.02167	8425.172	6843.162	1000.0	1000.0	190000	696.90204	109.971245	842.11536	312.88135	-700.064	24.224316	1716.0251	77.339584	1839.6892	1610.0062	1848.6324	71.73337	1964.3396	1752.0198	6741.713263273239
39	5996.419	213.38489	6264.098	5798.1357	8021.953	162.28026	8368.268	7776.4316	1000.0	1000.0	195000	705.97516	109.06903	845.2796	328.01492	-709.1746	24.365837	1755.1819	62.71477	1818.1597	1643.2063	1879.6973	51.493603	1929.0435	1787.3173	6926.044000387192
40	5626.785	322.9575	6109.718	5253.59	8024.5796	219.81744	8215.73	7453.8813	1000.0	1000.0	200000	714.83154	107.97713	856.80585	303.83936	-718.1179	24.75427	1743.027	41.996857	1798.078	1694.5117	1869.0101	36.50821	1917.074	1824.0647	7111.2113535404205
41	5651.1284	421.39444	6037.4243	4837.9014	7911.699	469.6216	8252.17	6545.217	1000.0	1000.0	205000	722.4845	107.29501	862.0702	341.35074	-725.59	25.5567	1757.4252	69.69162	1892.6138	1701.7281	1886.595	64.44283	2011.1128	1833.5135	7295.882175445557
42	5416.7744	450.94104	5946.8364	4806.4805	7867.5415	284.32642	8239.25	7310.71	1000.0	1000.0	210000	730.01874	106.86963	867.48615	361.65424	-733.2825	26.079838	1761.2805	22.311869	1789.588	1738.2441	1889.5964	24.655188	1922.1971	1859.7972	7480.035607337952
43	5589.769	386.76337	5903.6367	4843.068	8311.037	174.51187	8560.257	8052.5527	1000.0	1000.0	215000	737.3352	106.56806	873.5329	341.48157	-740.173	26.271082	1760.3131	60.100697	1863.8606	1678.2089	1889.2448	52.866722	1983.617	1821.7107	7664.312317609787
44	5973.458	147.43614	6216.1006	5822.1543	8188.7646	99.8057	8342.448	8019.649	1000.0	1000.0	220000	744.03015	106.17663	881.6536	359.3652	-746.95355	27.102016	1732.6921	61.25065	1834.9879	1667.4489	1858.6956	54.46237	1947.789	1795.6835	7848.596088886261
45	5771.723	206.11029	6028.8315	5418.447	8508.571	151.3015	8767.743	8307.031	1000.0	1000.0	225000	750.8583	104.89654	883.94244	361.0309	-753.8761	26.947306	1800.8516	49.66526	1889.6405	1744.7429	1923.1276	45.285988	2002.607	1869.2646	8032.64185667038
46	5982.945	194.80362	6324.0356	5745.4834	7893.3853	240.28056	8402.38	7420.525	1000.0	1000.0	230000	756.9692	103.232605	890.58167	371.2494	-760.0324	26.270378	1769.5277	50.815178	1821.9354	1696.3522	1892.5251	47.365166	1937.2896	1824.5686	8217.315521478653
47	5855.7896	294.89438	6238.4497	5402.3066	8175.79	336.98254	8463.275	7252.4136	1000.0	1000.0	235000	762.6631	103.31802	898.06	386.64752	-765.7066	27.052574	1837.8027	55.577618	1898.168	1766.6771	1954.9642	50.968575	2007.5084	1891.2397	8403.137673854828
48	5864.2173	395.80713	6613.2812	5477.4604	7632.3047	1266.6915	8532.385	4069.9739	1000.0	1000.0	240000	768.0236	103.33447	903.7104	383.01465	-771.1061	27.035406	1800.081	53.884197	1858.665	1710.2338	1923.335	46.608124	1975.511	1846.8218	8587.596379518509
49	5804.233	260.82166	6247.525	5548.13	7813.9873	2270.5752	8767.408	1014.19415	1000.0	1000.0	245000	773.33606	101.64742	909.787	397.9938	-776.5778	27.68722	1868.8656	41.67959	1931.7017	1821.3049	1983.9836	39.01423	2040.8053	1937.7943	8771.479985952377
50	5435.1396	635.42523	6262.1904	4546.8667	8450.787	143.94717	8682.098	8164.407	1000.0	1000.0	250000	777.8369	101.113846	913.0258	391.212	-781.0798	28.527834	1873.5007	65.03248	1945.4631	1797.4514	1988.5385	64.04925	2057.5967	1914.5187	8956.04681444168
51	6121.4326	191.97932	6280.786	5757.8184	8138.293	168.24738	8403.286	7877.0537	1000.0	1000.0	255000	782.42175	99.97735	916.7769	378.94244	-785.702	28.143078	1848.2258	11.478112	1863.4579	1834.5679	1966.0114	9.430837	1979.527	1951.7538	9140.324469089508
52	5871.9053	426.07492	6286.6724	5128.9277	8436.303	123.37813	8700.295	8220.56	1000.0	1000.0	260000	786.3956	99.49256	919.68274	414.5738	-789.46606	28.251963	1879.5658	43.9941	1955.6417	1823.7198	1997.1133	36.70411	2063.0625	1955.3254	9324.574363470078
53	5964.6943	121.10605	6167.6714	5846.8794	8368.226	148.12546	8758.683	8233.713	1000.0	1000.0	265000	790.70746	98.113556	923.20544	418.61127	-793.7226	27.695757	1846.0527	38.513256	1901.8422	1783.5427	1967.7965	31.999105	2013.6107	1914.2272	9509.32869052887
54	6101.458	169.1986	6242.07	5822.1177	8713.969	174.17383	8968.502	8426.182	1000.0	1000.0	270000	795.0023	97.92044	929.1278	427.99014	-798.2216	27.441212	1838.792	26.198606	1883.4365	1802.8671	1961.7799	22.98934	2002.0042	1933.7625	9692.589456796646
55	6006.612	139.55986	6184.462	5835.18	8438.693	165.8579	8784.635	8220.012	1000.0	1000.0	275000	798.3063	99.47915	930.4543	407.88583	-800.9971	27.567656	1814.323	34.785892	1869.1139	1759.9012	1937.3461	32.60249	1992.5575	1890.7584	9876.585622549057
56	5843.6167	155.76456	6084.688	5632.3374	7995.4062	1524.4407	9092.835	4679.5977	1000.0	1000.0	280000	801.5284	101.09488	935.30835	410.2926	-804.8751	28.116243	1876.2914	28.023573	1910.1545	1833.7539	1990.7435	27.662449	2025.5613	1951.4293	10060.93897151947
57	6186.101	235.5369	6399.8003	5845.486	8969.411	195.76889	9234.631	8488.477	1000.0	1000.0	285000	805.2054	101.098366	938.83826	405.18292	-808.1707	27.450819	1864.9537	26.498482	1906.1597	1831.9088	1977.9711	23.432016	2013.941	1945.2097	10246.29339838028
58	5849.917	469.11566	6220.209	5083.3784	8583.618	130.22325	8886.732	8428.778	1000.0	1000.0	290000	808.3267	101.23977	944.7073	397.7037	-811.5111	27.954906	1886.8782	58.25766	1996.125	1820.8115	2007.4772	54.522053	2112.3047	1952.327	10430.855873346329
59	6237.383	212.45862	6522.378	5877.944	7903.483	417.0515	8289.974	6848.375	1000.0	1000.0	295000	811.053	102.04228	949.0107	411.08163	-813.9247	28.348553	1883.8572	21.675476	1924.7494	1863.3123	1998.5857	16.783785	2028.937	1982.5917	10615.648475646973
60	6026.662	366.59296	6472.0396	5597.281	8774.826	205.57741	9032.398	8270.327	1000.0	1000.0	300000	813.7383	101.9882	952.0589	411.03217	-816.8466	27.714281	1909.4724	67.37999	1998.9979	1793.8652	2025.0244	63.19585	2108.2764	1917.2444	10801.125533103943
61	5919.2227	270.84726	6410.798	5680.961	8856.757	213.40506	9090.749	8420.176	1000.0	1000.0	305000	816.9729	100.03166	949.71466	419.59076	-820.0855	27.273388	1951.6111	28.263655	2005.0015	1921.3553	2061.2524	27.18803	2114.652	2039.975	10985.282500505447
62	5844.032	716.9645	6531.84	4481.8945	8731.274	124.68171	8904.077	8498.995	1000.0	1000.0	310000	819.4362	99.45035	955.8236	431.42224	-822.54956	27.655182	1898.1598	64.34435	2017.1146	1838.8745	2016.419	59.660683	2128.968	1966.1599	11168.952612400055
63	6275.883	318.23935	6557.9546	5814.896	8649.341	672.9766	9053.714	6663.326	1000.0	1000.0	315000	822.5275	99.63043	960.1413	406.0515	-825.8494	27.416946	1921.221	51.891483	1972.9065	1854.2689	2031.3997	47.042366	2084.817	1973.0342	11352.917858362198
64	6250.2437	360.05765	6644.7637	5661.791	8590.293	153.17758	8785.904	8227.865	1000.0	1000.0	320000	825.61115	98.76306	967.6718	406.14264	-828.7932	27.55339	1883.6838	32.29469	1932.0747	1846.1583	2002.6799	27.681055	2045.0951	1973.5742	11536.189721345901
65	6087.9385	262.0114	6552.371	5760.216	8826.99	186.33557	9088.3125	8510.683	1000.0	1000.0	325000	828.29156	99.58603	978.0396	426.67215	-831.3868	28.040295	1875.819	20.349434	1906.7711	1850.7559	2003.8369	20.16408	2032.5961	1974.2168	11720.08888888359
66	6018.3286	261.40717	6240.0884	5529.43	8612.072	944.3215	9190.745	5805.6206	1000.0	1000.0	330000	831.02325	99.6845	980.1269	410.2517	-834.1065	27.55578	1880.8083	32.246006	1939.5726	1842.8367	2002.4056	25.805233	2047.2445	1970.9562	11904.640545606613
67	6301.6284	103.57071	6496.417	6199.9316	9188.76	158.91704	9512.474	8977.985	1000.0	1000.0	335000	834.0344	98.76499	984.41736	423.5135	-837.27844	27.478613	1885.2133	44.641758	1957.0133	1823.4247	2003.4537	39.55208	2072.2085	1953.9379	12089.311029434204
68	6415.2793	198.15422	6682.956	6145.5806	8893.614	137.8994	9084.146	8654.371	1000.0	1000.0	340000	837.1187	99.393814	987.30365	432.74237	-840.4203	27.724197	1874.3297	70.82701	2005.1287	1807.0857	1997.6638	57.99184	2104.4075	1939.5309	12275.02335190773
69	6120.1724	190.53987	6344.259	5863.0576	8754.518	155.70529	9012.414	8471.49	1000.0	1000.0	345000	839.77997	100.58781	994.8199	429.42786	-843.0742	28.45825	1947.6096	44.96337	2029.0101	1896.3558	2066.6665	39.061203	2135.5076	2021.205	12459.355922460556
70	5878.7617	399.88986	6214.8745	5113.089	8770.393	200.63843	8990.635	8436.233	1000.0	1000.0	350000	842.61676	99.5578	994.71655	424.47882	-845.7076	29.181532	2000.7227	28.706528	2045.8674	1965.8419	2118.7534	29.76316	2168.0583	2083.5693	12644.320209026337
71	5636.23	377.03516	6098.06	4971.443	8569.8125	1191.7627	9310.013	5062.7905	1000.0	1000.0	355000	845.1133	99.717064	1001.0549	424.28543	-848.2809	29.837366	2003.3688	63.116432	2099.7417	1919.0791	2119.7349	54.85762	2201.924	2043.8789	12829.16506409645
72	6098.894	226.4613	6466.386	5771.6606	7595.161	2371.413	8637.993	581.456	1000.0	1000.0	360000	848.1286	100.5568	1002.48645	429.0116	-851.3096	30.424263	1972.0803	12.404349	1987.4441	1956.8922	2087.1138	11.711262	2098.0818	2069.8755	13014.58019900322
73	6067.746	236.3896	6436.2183	5720.954	8996.39	152.7452	9215.083	8761.834	1000.0	1000.0	365000	851.02594	100.508446	1006.208	424.23126	-854.212	30.258081	1951.0559	20.946192	1983.6069	1928.4736	2068.345	15.409034	2097.0295	2053.7734	13199.110369205475
74	6094.009	173.11284	6363.365	5864.6157	9260.959	163.94667	9573.591	8977.292	1000.0	1000.0	370000	854.2302	99.598465	1008.28156	428.83597	-857.5116	31.049307	2021.5491	36.79497	2056.2397	1952.686	2130.2725	33.755405	2161.5935	2066.8813	13383.61379146576
75	5972.503	517.92	6460.503	4966.6694	9057.326	162.47696	9291.092	8673.373	1000.0	1000.0	375000	857.0103	99.639694	1014.31226	426.81247	-860.3688	31.181896	2037.9664	76.39482	2153.7112	1923.4917	2145.88	73.23716	2259.0784	2038.1705	13569.05399465561
76	6201.159	381.16937	6567.4263	5482.7515	8723.89	61.39747	8840.258	8625.321	1000.0	1000.0	380000	860.47595	99.17971	1013.11414	434.80966	-863.7754	31.095669	2041.8943	53.33504	2118.64	1965.8202	2151.3032	49.09638	2222.6008	2085.5269	13754.650429010391
77	6260.415	154.372	6506.8584	6043.8643	8096.2827	2414.1755	9031.914	861.8452	1000.0	1000.0	385000	863.1017	101.663635	1018.5565	412.00363	-866.3006	32.00777	1955.5137	39.879032	1995.7578	1889.4529	2068.3433	34.44461	2100.047	2008.054	13939.29523563385
78	6038.8555	112.28406	6205.878	5863.212	8756.868	185.49913	8949.358	8354.48	1000.0	1000.0	390000	866.0915	102.04231	1022.31506	416.10764	-869.3546	31.967812	1990.9955	53.817406	2067.9736	1901.7662	2106.5496	46.314106	2176.4136	2033.8792	14124.302532434464
79	6041.8604	459.22525	6825.383	5464.1367	8927.382	167.9956	9131.366	8554.913	1000.0	1000.0	395000	868.2874	103.21864	1027.9629	410.87653	-871.7325	33.60095	1954.0247	57.16975	2017.0286	1881.253	2074.8052	48.739872	2131.499	2013.263	14310.510042190552
80	6160.8057	396.2522	6543.693	5397.9854	8619.475	1103.8499	9463.77	5375.4487	1000.0	1000.0	400000	871.06934	102.14605	1028.3644	391.62906	-874.4383	32.748375	1931.7047	72.39801	2055.1772	1855.3873	2058.0044	68.570274	2180.217	1990.8887	14494.941390752792
81	6191.368	149.59752	6437.0557	6008.8647	8891.614	949.09735	9545.832	6225.3994	1000.0	1000.0	405000	873.5587	102.64183	1030.9924	418.97208	-876.9342	33.23853	1937.3717	38.33038	1985.0825	1893.078	2057.2964	34.63398	2100.9854	2014.9861	14680.518553733826
82	6230.952	169.69127	6535.6304	6017.1963	8518.75	1397.1887	9314.432	4356.3984	1000.0	1000.0	410000	876.2895	102.19409	1032.711	419.6811	-879.7844	32.841217	1926.4265	50.770344	1984.5571	1861.1842	2047.8381	43.768562	2098.2688	1987.4144	14866.404302597046
83	5785.708	490.4767	6125.5283	4817.5566	8765.647	525.4217	9208.471	7291.002	1000.0	1000.0	415000	878.5408	102.18247	1033.8339	420.40994	-881.7453	32.684017	1988.3157	89.30145	2156.1685	1895.5319	2107.2278	83.13474	2262.8474	2018.7092	15051.000655412674
84	6065.6396	368.6657	6555.4316	5646.12	9103.304	157.57115	9263.269	8800.078	1000.0	1000.0	420000	880.3459	102.492905	1034.8455	391.797	-883.6763	33.692158	2005.251	37.70333	2072.4377	1955.5712	2117.9048	33.803238	2178.2798	2074.0881	15236.636010885239
85	6538.864	228.28604	6877.0093	6318.918	8736.639	161.16136	8884.7705	8361.255	1000.0	1000.0	425000	883.51117	100.494835	1040.2609	423.0109	-886.9276	33.559845	1950.7822	61.430733	2042.0612	1891.5762	2070.002	54.83797	2146.8687	2016.3425	15420.914489507675
86	6155.6567	257.09448	6589.044	5878.7637	7951.6104	2572.919	9397.527	798.0875	1000.0	1000.0	430000	886.1359	98.84914	1042.5645	398.18094	-889.3406	32.62636	1948.1543	44.309517	2025.5085	1904.3455	2071.6243	37.021015	2138.2222	2033.7384	15605.537027835846
87	6376.542	343.50558	6858.646	5974.75	9250.8545	304.99335	9583.273	8587.879	1000.0	1000.0	435000	888.42847	98.445335	1045.967	424.12885	-891.8837	31.781778	1970.059	92.33569	2078.645	1857.8921	2087.6992	81.65929	2185.4956	1989.3867	15790.817963600159
88	6377.95	344.7274	6711.8276	5712.1226	8934.553	86.75223	9029.15	8779.605	1000.0	1000.0	440000	890.4938	98.6256	1045.3933	445.32968	-893.9889	32.020714	1981.0599	34.067074	2028.6265	1933.2145	2097.0415	30.769842	2143.8342	2054.174	15976.052640914917
89	6257.048	106.3828	6446.792	6152.4014	9287.45	151.76439	9482.172	8980.772	1000.0	1000.0	445000	891.9766	99.237206	1047.7042	435.09433	-895.3868	32.470936	1970.9664	14.668834	1985.3026	1949.4305	2087.7659	13.021369	2106.486	2068.0193	16161.624106645584
90	5969.042	346.5063	6314.864	5322.641	9148.047	175.34947	9390.013	8838.987	1000.0	1000.0	450000	894.1234	98.78611	1049.0482	442.69965	-897.348	32.848614	2068.2788	65.36275	2154.2444	1994.1715	2180.3596	62.08802	2267.835	2109.699	16346.613647699356
91	6077.289	214.81937	6403.2437	5784.4697	8977.956	429.19995	9446.82	8140.056	1000.0	1000.0	455000	895.64246	99.75167	1049.2015	446.58685	-898.9824	33.27715	2054.729	23.88527	2079.6858	2025.2566	2167.3777	21.022308	2188.8206	2139.44	16531.697623729706
92	6248.074	220.08096	6642.951	5973.5796	8861.551	414.74167	9160.362	7641.338	1000.0	1000.0	460000	897.9976	99.05511	1054.3853	445.3676	-901.5676	33.09557	1974.2877	65.758255	2086.1113	1880.0961	2094.2754	58.535934	2194.7405	2011.9811	16717.012559890747
93	6081.6455	753.52795	6626.453	4618.724	8672.852	799.32043	9260.701	6481.829	1000.0	1000.0	465000	900.22394	98.67099	1056.2882	440.28665	-903.957	33.645313	1999.9172	76.25958	2148.5698	1934.5636	2122.9556	72.57079	2265.756	2067.7495	16902.372143268585
94	6306.303	419.13043	6762.012	5791.438	8561.835	2424.836	9581.624	1348.2128	1000.0	1000.0	470000	902.1373	99.39562	1060.8416	428.96594	-905.5592	33.363205	2010.3193	40.87649	2041.149	1937.3523	2128.1792	36.67831	2164.6675	2065.5823	17087.83550786972
95	6539.324	310.5253	7042.881	6216.586	8957.153	568.8903	9424.856	7308.4937	1000.0	1000.0	475000	903.6646	100.62408	1059.6246	436.51935	-906.9974	34.20481	1969.5795	41.781654	2012.5784	1890.1422	2090.9438	37.32575	2125.9692	2019.871	17274.059321165085
96	5884.749	619.64984	6440.074	4745.031	9157.987	553.7855	9580.398	7540.759	1000.0	1000.0	480000	905.6315	100.39964	1060.7932	425.54184	-908.9508	33.828068	1981.636	57.146214	2073.1982	1899.6207	2101.7698	54.389072	2191.7002	2026.8092	17460.35343337059
97	6109.773	320.36813	6617.784	5724.986	9155.115	140.71472	9348.84	8946.491	1000.0	1000.0	485000	906.7977	100.085884	1064.3809	416.5726	-910.2814	34.032917	1974.7673	56.84829	2055.9216	1882.476	2101.3691	52.393654	2176.476	2016.2253	17645.98029732704
98	6542.0854	79.7348	6630.4995	6419.806	9415.27	72.86095	9548.414	9301.128	1000.0	1000.0	490000	907.65717	100.86983	1066.5844	435.15323	-910.9568	35.062996	1981.9525	17.559988	1997.8796	1950.6821	2105.769	13.529326	2116.7144	2082.3875	17832.340448379517
99	6117.8174	327.05072	6561.7295	5650.044	9252.344	250.45407	9657.206	8756.691	1000.0	1000.0	495000	909.9444	99.351166	1067.2639	440.00424	-913.4801	35.376823	2003.3239	30.088562	2055.1794	1968.8259	2122.3384	26.40787	2166.909	2090.5195	18017.758412837982
