Epoch	AverageEpRet	StdEpRet	MaxEpRet	MinEpRet	AverageEpUncertainty	StdEpUncertainty	MaxEpUncertainty	MinEpUncertainty	AverageTestEpRet	StdTestEpRet	MaxTestEpRet	MinTestEpRet	EpLen	TestEpLen	TotalEnvInteracts	AverageQVals	StdQVals	MaxQVals	MinQVals	LossPi	LossQ	Time
1	-235.91043	37.77993	-184.27603	-292.13315	0.0	0.0	0.0	0.0	-687.361	79.8743	-538.0921	-778.48676	1000.0	1000.0	5000	2.356341	3.1008253	19.434147	-7.724425	-3.2278733	0.33350244	32.296602964401245
2	-250.8735	56.889725	-182.29982	-324.7523	0.0	0.0	0.0	0.0	-373.48846	72.728195	-267.19482	-515.73456	1000.0	1000.0	10000	14.080802	7.024601	38.96024	-4.7569914	-15.99365	1.1792201	64.32416534423828
3	-291.68744	272.45898	217.75223	-553.5608	1278.4071	170.77885	1507.1249	1121.7579	129.80945	496.53668	866.43445	-624.1987	1000.0	1000.0	15000	28.079268	6.7162657	58.35434	9.12816	-29.535887	1.9481684	157.13168573379517
4	733.09656	262.9614	1048.785	364.92197	1286.6345	64.27838	1373.9636	1188.9307	1419.5914	501.72192	1828.1211	91.32133	1000.0	1000.0	20000	37.64479	10.820476	81.065765	10.489228	-38.777576	2.377588	248.73474144935608
5	1453.5615	187.57245	1700.6232	1142.0197	1269.5403	25.78568	1306.7676	1243.7145	1369.9672	192.71529	1543.1857	883.17676	1000.0	1000.0	25000	51.276302	16.252068	100.21107	12.471212	-52.60597	2.91463	340.96447014808655
6	1712.0139	248.82002	1929.6184	1287.1644	1262.8695	38.588818	1304.9601	1195.3378	1541.9651	1068.3357	2427.3252	-293.301	1000.0	1000.0	30000	68.845695	20.329033	122.80215	16.78623	-70.27351	3.3983257	435.62180185317993
7	2074.849	154.80733	2355.6208	1911.0988	1280.1812	30.880058	1312.8606	1231.5123	1368.2065	1000.39984	2401.6914	-497.89554	1000.0	1000.0	35000	87.34359	22.95616	143.51958	24.183323	-88.926994	4.0842576	529.5350162982941
8	2307.8643	70.49525	2424.497	2243.4448	1314.4838	22.668568	1349.8027	1289.3955	2770.4893	431.09	3052.4587	1516.3633	1000.0	1000.0	40000	107.23637	25.2912	166.21997	38.25385	-108.97719	4.9178886	621.215582370758
9	2420.7095	77.34259	2562.8674	2339.5981	1339.1078	34.087704	1392.7324	1295.1187	1990.9375	884.4026	3098.8447	262.32513	1000.0	1000.0	45000	128.12396	27.092802	186.54602	51.037094	-129.92012	5.499232	715.9944887161255
10	2097.7466	1033.4027	2753.1743	36.53257	1424.2205	170.94511	1764.622	1321.396	2177.2666	865.9512	2875.673	399.27307	1000.0	1000.0	50000	147.31508	30.143337	212.12291	64.79269	-149.1037	6.141651	810.447772026062
11	2727.307	78.215576	2810.719	2591.7253	1275.0709	30.203138	1302.7952	1218.8259	3040.995	242.86598	3351.0085	2536.7888	1000.0	1000.0	55000	167.24695	32.725883	229.34389	71.87935	-169.2459	6.569797	906.569495677948
12	2816.313	54.86382	2903.7715	2755.7466	1253.8812	25.45772	1295.652	1220.925	3596.6458	90.52467	3709.9988	3405.1091	1000.0	1000.0	60000	186.67305	34.240185	247.12827	81.960106	-188.62794	7.080768	1002.4235019683838
13	2886.5203	208.82822	3145.2693	2524.7747	1268.3092	52.557823	1359.1648	1210.7073	3228.6492	68.0648	3315.9092	3127.6252	1000.0	1000.0	65000	205.03282	35.497467	267.0275	91.73116	-206.9504	7.4611564	1098.4728002548218
14	2350.322	874.86316	2916.312	612.1712	1353.6559	264.85867	1878.3595	1163.756	3366.7258	154.01753	3672.675	3075.993	1000.0	1000.0	70000	221.87558	36.607025	283.4159	101.28372	-223.78406	7.935682	1195.620393037796
15	2876.8977	75.046715	2960.3308	2754.136	1220.7833	26.00156	1263.3517	1185.8236	3413.5632	109.784065	3573.1372	3263.0103	1000.0	1000.0	75000	236.59596	38.51303	297.6856	112.04479	-238.5159	8.343309	1287.9151079654694
16	2629.2993	817.4016	3114.3271	997.43646	1357.5835	251.60239	1857.5515	1205.7124	3073.4507	177.93944	3428.2896	2754.6301	1000.0	1000.0	80000	250.83168	39.707355	314.051	115.91069	-252.753	8.517875	1383.6054754257202
17	3134.4966	154.69263	3309.2405	2892.9165	1203.349	33.217934	1261.9403	1171.6549	2327.9849	1071.5109	3234.1406	257.37936	1000.0	1000.0	85000	263.672	41.641937	327.46564	120.04636	-265.58075	8.812873	1478.2349996566772
18	3031.2168	115.77223	3228.817	2923.9778	1205.9568	21.758944	1235.2523	1177.0916	3491.9692	125.82479	3679.5083	3251.21	1000.0	1000.0	90000	276.54385	42.69047	342.70114	121.33236	-278.60892	9.146215	1573.4194440841675
19	3290.853	79.28932	3415.0796	3195.2043	1190.6685	21.437399	1221.6036	1158.54	3100.9475	159.62956	3357.8696	2889.1633	1000.0	1000.0	95000	288.37827	43.633476	357.2749	127.43512	-290.2902	9.581018	1665.7362282276154
20	3189.261	130.7986	3319.4214	2956.8628	1191.134	40.83741	1243.7435	1132.5645	3269.6995	130.11537	3588.6821	3096.8733	1000.0	1000.0	100000	299.85745	44.1349	365.08713	130.43513	-301.90094	9.685112	1759.866054058075
21	3154.2004	116.88259	3335.076	3038.4736	1152.9973	27.853054	1185.4	1114.133	3915.0747	160.49234	4128.997	3667.1357	1000.0	1000.0	105000	310.5017	44.321056	374.40677	137.14069	-312.41635	9.920986	1854.2576394081116
22	3265.6987	146.38661	3511.9915	3057.1985	1171.4786	15.482244	1194.0018	1150.0112	4001.1516	132.75578	4183.155	3799.1445	1000.0	1000.0	110000	320.37854	44.226154	385.2587	145.92429	-322.41525	10.148639	1948.2228491306305
23	3260.8157	107.532234	3452.1187	3156.8132	1208.0817	28.461483	1241.5267	1176.796	4113.8955	189.15788	4373.09	3845.7207	1000.0	1000.0	115000	329.48297	43.791855	393.11362	151.7156	-331.40976	10.119226	2044.827670097351
24	3335.077	106.18049	3435.3438	3145.602	1169.0981	28.405828	1210.3198	1131.3003	4280.4893	105.19114	4457.36	4034.902	1000.0	1000.0	120000	337.92645	43.468784	400.33414	162.97223	-339.86	9.841719	2138.8513033390045
25	3381.7065	117.8655	3604.8943	3294.2988	1183.4365	12.793743	1201.5667	1165.1145	4236.4165	128.1609	4541.5366	4084.0376	1000.0	1000.0	125000	346.10007	43.012066	408.16635	165.73312	-348.0477	9.707163	2230.5886855125427
26	3584.114	172.49968	3851.8794	3396.705	1179.3738	23.045254	1224.8699	1162.3503	4134.2163	192.48218	4416.5537	3817.901	1000.0	1000.0	130000	353.6028	42.876114	420.8651	173.64801	-355.56924	9.643762	2321.522155046463
27	3495.5435	102.09364	3661.383	3369.552	1180.9332	23.769049	1211.6422	1151.3369	4297.6226	187.93248	4576.7607	3922.1685	1000.0	1000.0	135000	360.92004	42.74431	422.93054	179.99527	-362.79965	9.644979	2412.6809799671173
28	3737.2266	84.95468	3879.9578	3639.7795	1147.1736	21.514687	1167.5088	1106.0636	4383.587	116.89247	4585.6216	4155.9424	1000.0	1000.0	140000	368.03088	42.519215	432.81125	185.01253	-369.86838	9.485922	2509.666987657547
29	3544.8276	87.18212	3657.7524	3432.794	1166.133	20.68975	1193.3726	1138.6122	4186.006	210.4143	4604.3857	3756.2134	1000.0	1000.0	145000	374.3374	42.754143	442.5954	190.42073	-376.39166	9.8323965	2605.451731443405
30	3722.7495	53.463634	3789.9631	3654.22	1148.8566	33.200672	1182.4028	1097.6959	4090.7075	126.5293	4282.1924	3878.6804	1000.0	1000.0	150000	380.63235	42.66382	448.2433	195.14209	-382.55475	9.873007	2700.548632144928
31	3581.9512	70.974915	3661.5508	3468.088	1121.691	17.110477	1147.6304	1096.589	4321.1406	124.61836	4534.1294	4170.2646	1000.0	1000.0	155000	386.5494	42.676456	451.26434	200.03098	-388.602	10.014957	2796.9920723438263
32	3656.6785	119.49369	3868.9753	3552.689	1152.8342	33.57148	1191.9036	1094.7672	4438.4717	165.47829	4669.1543	4150.7285	1000.0	1000.0	160000	392.3135	42.23402	459.26065	207.32747	-394.2066	9.914078	2891.9230523109436
33	3551.875	169.77551	3759.316	3328.704	1166.1598	29.659266	1202.0203	1119.2574	3974.108	122.36696	4222.3804	3815.8174	1000.0	1000.0	165000	397.6904	42.07006	462.25543	212.89832	-399.6519	9.899306	2993.86737203598
34	3609.4517	141.63089	3844.53	3460.175	1168.663	28.999653	1203.325	1131.8888	4159.6533	125.819824	4390.6787	3951.4382	1000.0	1000.0	170000	402.67603	41.822403	464.3919	213.56978	-404.6229	9.856443	3092.283544063568
35	3615.7163	131.78575	3797.4722	3403.8206	1195.7766	42.34223	1272.6423	1156.4701	4283.995	189.37666	4621.4863	3827.783	1000.0	1000.0	175000	407.46234	41.44548	469.25156	219.54253	-409.21448	9.785506	3187.139365196228
36	3648.6523	72.47023	3765.5247	3564.9746	1176.9772	34.889275	1220.2404	1113.7692	4729.9956	126.929634	4954.24	4508.559	1000.0	1000.0	180000	411.71494	41.422035	471.88287	219.13547	-413.70142	10.0586	3280.700706720352
37	3670.94	70.13402	3756.6191	3568.096	1185.2302	30.956976	1212.4828	1136.1592	4410.7603	150.83987	4675.1406	4223.149	1000.0	1000.0	185000	415.9034	41.18449	476.87997	223.07178	-417.89398	10.136301	3377.188627719879
38	3764.272	88.66386	3917.0107	3642.7651	1201.8	31.332924	1237.0062	1144.5492	4260.179	85.51636	4361.75	4125.359	1000.0	1000.0	190000	419.89346	41.164013	480.7154	228.14574	-421.7975	10.062054	3473.3233511447906
39	3593.8413	88.68367	3728.293	3455.43	1209.8328	32.68495	1268.4224	1179.5085	4808.028	101.98617	4927.1	4628.1978	1000.0	1000.0	195000	423.70657	40.87806	481.32217	227.94109	-425.69025	9.847555	3565.5636246204376
40	3586.339	110.85208	3713.9858	3400.6162	1208.4004	24.592413	1237.2833	1180.1653	4501.28	58.453754	4609.515	4442.71	1000.0	1000.0	200000	427.29214	40.61785	486.2529	231.05429	-429.2414	9.867083	3659.527618408203
41	3661.1802	130.50198	3887.0723	3547.6184	1209.9426	17.685135	1234.7499	1190.3914	4939.6426	92.850624	5088.147	4756.194	1000.0	1000.0	205000	430.6081	40.481976	488.3918	232.97519	-432.5147	9.791105	3753.3398134708405
42	3560.582	160.2748	3746.86	3264.4644	1236.8373	38.27248	1311.2083	1210.1855	4790.421	157.96309	4963.314	4527.394	1000.0	1000.0	210000	433.70108	40.318832	492.37985	233.89737	-435.6156	9.778098	3847.663709640503
43	3717.688	33.06922	3746.4963	3655.7012	1209.389	20.755266	1241.3339	1190.2588	4775.117	112.885025	4949.0586	4555.069	1000.0	1000.0	215000	436.3746	40.229843	491.55734	234.9507	-438.3463	9.949922	3944.097857952118
44	3713.5742	137.71623	3921.5671	3537.3643	1220.5145	20.79801	1244.3258	1190.472	4730.882	122.55503	4884.0996	4527.227	1000.0	1000.0	220000	439.2458	39.600925	494.0808	240.09906	-441.243	9.804942	4039.0463860034943
45	3793.3345	90.364716	3940.985	3711.361	1243.4984	26.535368	1280.0073	1207.9485	4694.326	160.56041	4927.9014	4336.136	1000.0	1000.0	225000	441.59033	39.47059	497.39026	238.04805	-443.5843	9.51221	4135.724568843842
46	3762.097	125.02438	3911.9172	3568.4727	1234.7803	31.933397	1268.4559	1178.5695	4927.9424	109.01103	5103.0645	4732.3315	1000.0	1000.0	230000	444.07498	39.098503	498.2718	238.93022	-446.00906	9.6160965	4231.711488723755
47	3594.8477	145.71759	3755.252	3376.3225	1263.177	20.805275	1288.4734	1234.2198	4891.349	74.200745	4999.962	4769.5176	1000.0	1000.0	235000	446.16614	38.843987	501.71603	244.94395	-448.1724	9.531735	4326.7552318573
48	3801.3481	45.73695	3870.4604	3751.0793	1245.1996	18.165981	1263.3447	1215.4412	5062.975	224.52657	5257.0366	4441.795	1000.0	1000.0	240000	448.14435	38.673542	501.9507	246.60449	-450.1419	9.711459	4421.266865491867
49	3628.1023	153.2654	3871.7627	3433.061	1237.3604	39.641537	1271.4426	1160.1165	4949.6416	147.24394	5201.252	4681.6807	1000.0	1000.0	245000	450.18597	38.478233	503.67377	247.16125	-452.1411	9.61379	4531.447610616684
50	3737.2363	113.56909	3917.7463	3582.3762	1253.2933	14.322883	1266.6807	1228.2949	5028.2837	125.06195	5257.7324	4809.725	1000.0	1000.0	250000	451.9495	38.238472	507.19666	250.09248	-453.7521	9.540428	4683.54723072052
51	3703.638	88.373634	3849.3306	3577.4863	1272.175	23.705856	1298.8866	1239.6661	5041.6484	88.25628	5152.5493	4817.7593	1000.0	1000.0	255000	453.66074	37.9652	506.49197	254.56474	-455.4839	9.541098	4837.086208581924
52	3735.9321	117.61742	3862.0742	3580.9558	1265.0403	13.768344	1285.0958	1248.1704	5316.317	70.9217	5422.4478	5196.683	1000.0	1000.0	260000	455.55057	37.75002	508.48065	248.99547	-457.48615	9.417172	4986.794561624527
53	3777.7227	90.759995	3891.396	3662.018	1258.6364	21.98203	1297.975	1238.9615	5258.975	56.591564	5373.8105	5187.788	1000.0	1000.0	265000	457.15887	37.60794	510.62598	253.33623	-459.0455	9.615475	5135.928926229477
54	3835.9976	64.37652	3961.508	3782.64	1258.0178	27.57002	1311.3507	1234.986	4951.7314	63.0427	5048.671	4856.985	1000.0	1000.0	270000	458.96417	37.570232	511.1098	252.8367	-460.8846	9.46594	5286.222375631332
55	3733.1426	125.3405	3894.9211	3536.386	1276.8096	35.512257	1328.6681	1233.885	5203.4946	85.44602	5310.663	4996.4546	1000.0	1000.0	275000	460.61813	37.525246	512.44666	256.3466	-462.50244	9.544898	5435.737845897675
56	3781.8567	93.83374	3960.2275	3701.1729	1298.6749	19.080606	1329.2021	1269.2466	5001.7607	197.98041	5262.043	4671.0493	1000.0	1000.0	280000	462.242	37.216415	515.69885	254.63354	-464.1867	9.640553	5584.838413953781
57	3860.5835	28.132168	3903.2605	3822.4075	1277.0627	23.987309	1311.1108	1240.0245	5227.248	63.213608	5326.276	5129.623	1000.0	1000.0	285000	463.8695	36.84951	517.22595	260.36115	-465.689	9.498282	5734.3874542713165
58	3786.0417	125.95754	4002.1016	3643.0024	1277.6877	36.21696	1336.26	1227.2605	5129.569	249.19707	5412.7993	4524.328	1000.0	1000.0	290000	465.40305	36.88215	517.7384	259.72693	-467.3085	9.500803	5884.154660701752
59	3768.3508	118.36242	3929.248	3616.8716	1315.1616	19.08192	1343.5088	1286.2678	5291.6416	77.34876	5398.964	5117.6235	1000.0	1000.0	295000	466.7911	36.963634	518.0322	263.3418	-468.80106	9.50491	6034.182510852814
60	3781.2642	96.622795	3861.026	3601.74	1306.7488	27.093561	1334.467	1255.6398	5208.219	164.22696	5328.743	4754.775	1000.0	1000.0	300000	468.0082	37.10171	521.8316	259.18704	-469.9479	9.822592	6183.721782207489
61	3399.3843	831.6194	4019.0842	1761.4468	1491.9908	339.05273	2169.923	1313.6182	5053.6733	64.22949	5164.644	4914.61	1000.0	1000.0	305000	469.2087	37.036137	520.8336	257.64743	-471.1273	9.624291	6335.085565567017
62	3775.4739	151.7562	3949.9026	3510.7034	1317.5447	13.321512	1339.535	1297.6865	5377.164	120.7024	5499.3633	5133.0957	1000.0	1000.0	310000	470.15732	37.751175	521.8769	254.46452	-472.1867	9.896699	6486.85964012146
63	3808.2207	63.74766	3889.558	3704.5808	1316.2202	35.00472	1375.2643	1267.9569	5137.026	127.80632	5355.9937	4923.6724	1000.0	1000.0	315000	471.0296	38.291023	524.05273	247.01976	-472.9472	9.79199	6639.621327161789
64	3845.4922	115.72606	4005.2502	3708.244	1295.9805	18.802515	1316.6283	1272.6605	5402.882	73.643776	5495.4795	5240.309	1000.0	1000.0	320000	471.8951	38.754745	524.076	242.04147	-473.88565	9.97185	6793.077112674713
65	3759.8745	107.43647	3948.148	3628.0732	1315.3373	30.288626	1364.4572	1270.0942	5358.0664	75.111885	5448.8623	5214.695	1000.0	1000.0	325000	472.84055	39.19674	524.83295	236.18939	-474.67426	9.947904	6943.850358963013
66	3832.0305	36.31692	3875.212	3782.5696	1293.5275	25.862053	1324.8549	1249.5322	5327.1133	86.870186	5487.784	5199.8477	1000.0	1000.0	330000	473.8947	39.511963	526.06525	227.34085	-475.7269	9.9399605	7098.641091108322
67	3825.1946	148.20186	4087.0264	3660.184	1309.7819	23.424797	1337.0986	1272.5157	5216.04	149.13667	5416.4116	4857.9272	1000.0	1000.0	335000	474.93997	39.84589	526.7068	225.78084	-476.8996	10.04094	7252.734149456024
68	3766.5195	234.35208	3968.9795	3345.775	1324.2659	26.845644	1358.2412	1281.5853	5357.8823	60.85846	5415.2856	5213.589	1000.0	1000.0	340000	476.20172	39.894817	528.3668	223.54736	-478.25906	10.144556	7406.788137674332
69	3889.727	52.631893	3990.6682	3848.116	1313.76	18.647556	1343.1421	1293.4596	5229.638	102.420555	5400.2554	5101.6724	1000.0	1000.0	345000	477.1437	39.995922	528.43115	220.47559	-479.1464	10.160658	7564.5652866363525
70	3727.36	172.79059	4062.0347	3586.1577	1320.6694	36.756042	1377.2096	1266.4558	5379.9653	119.38283	5604.1465	5213.4116	1000.0	1000.0	350000	478.0682	39.915745	531.02673	219.08138	-480.0163	10.213501	7720.1514711380005
71	3843.8008	93.30764	4016.7783	3743.0925	1300.3674	17.815123	1327.7045	1282.1272	5383.774	109.92707	5559.236	5119.1953	1000.0	1000.0	355000	479.02203	39.95043	530.6537	217.97122	-480.93405	10.2360325	7875.0202214717865
72	3805.5024	114.09117	3969.255	3617.68	1344.3085	32.87578	1393.0115	1306.0955	5453.9033	55.85753	5519.96	5315.5005	1000.0	1000.0	360000	480.0136	39.74302	529.79626	214.16475	-481.9456	10.164919	8033.952565431595
73	3812.0015	136.32178	3961.043	3563.8398	1312.0057	37.3737	1369.4435	1256.2936	5604.9883	82.20728	5729.452	5464.907	1000.0	1000.0	365000	480.98682	39.822758	532.29834	213.43094	-482.8824	10.372641	8193.497567653656
74	3733.3726	76.098465	3858.7986	3649.5178	1333.2716	14.431088	1351.6437	1318.623	5466.5703	113.22399	5664.4814	5283.7153	1000.0	1000.0	370000	481.8838	39.87164	533.27606	214.95335	-483.7562	10.331411	8349.247828960419
75	3815.769	154.2181	4030.6345	3610.311	1327.7068	25.433165	1364.7399	1285.6644	5449.9243	84.89964	5574.0327	5281.4653	1000.0	1000.0	375000	482.6246	40.080944	534.25616	210.60992	-484.4889	10.210868	8502.957237243652
76	3701.246	65.8602	3800.7563	3624.093	1328.6531	18.604166	1351.6996	1305.9343	5290.835	74.800095	5408.7925	5134.8853	1000.0	1000.0	380000	483.5656	39.826736	533.65094	213.07805	-485.4046	10.332363	8658.781025648117
77	3786.3503	145.88539	3973.136	3535.428	1338.8588	17.34577	1358.5204	1309.0687	5616.1675	60.509594	5708.9556	5495.3403	1000.0	1000.0	385000	484.35333	39.5216	534.6525	219.09427	-486.22635	10.310655	8811.765706062317
78	3798.3801	121.47432	3931.4136	3608.9194	1321.6407	22.28932	1351.5577	1286.1782	5525.4756	70.00073	5614.8	5405.0894	1000.0	1000.0	390000	485.08896	39.409897	538.69336	212.83104	-487.01184	10.228817	8963.377170801163
79	3760.5137	91.05065	3905.4976	3657.5	1320.6997	19.929516	1335.2413	1281.2631	5445.2573	138.59555	5643.2354	5117.2715	1000.0	1000.0	395000	485.98096	39.18169	540.3	213.2812	-487.94885	10.382122	9115.267485380173
80	3942.312	103.40241	4033.4194	3757.7778	1329.0662	17.224302	1348.0852	1303.1509	5475.321	84.338905	5617.861	5316.7925	1000.0	1000.0	400000	486.89017	39.0909	540.74756	212.90663	-488.784	10.169107	9269.58151626587
81	3887.188	103.96336	4018.5547	3700.135	1316.3931	23.826668	1352.2545	1279.307	5543.4336	31.525034	5587.1323	5483.0757	1000.0	1000.0	405000	487.71597	39.252174	541.14136	217.11833	-489.81644	10.6033325	9422.667967557907
82	3870.9683	87.56997	4011.498	3756.4333	1324.9178	22.876987	1346.939	1283.4587	5111.141	54.51929	5249.7964	5041.882	1000.0	1000.0	410000	488.67212	39.08347	541.40283	214.12994	-490.54514	10.21897	9574.902220249176
83	3980.5	34.83711	4016.7065	3936.7173	1334.7334	24.875984	1367.5322	1293.8641	5369.4326	73.704025	5525.653	5259.0635	1000.0	1000.0	415000	489.6922	39.184772	542.6994	208.52057	-491.6491	10.223877	9729.039380311966
84	3859.1973	155.19084	4077.6492	3663.4941	1350.9877	37.214424	1395.6322	1306.3152	5520.9175	75.78435	5603.1963	5413.312	1000.0	1000.0	420000	490.49802	39.4765	544.0975	206.65556	-492.4501	10.337413	9881.234870672226
85	3798.4263	120.197556	3878.6833	3560.8638	1313.1582	12.720462	1329.7416	1298.7972	5599.499	80.33085	5729.197	5486.1255	1000.0	1000.0	425000	491.24033	39.642506	545.1872	204.1675	-493.2758	10.332227	10034.875710010529
86	3897.688	99.3933	4060.1296	3749.7427	1301.4739	28.099056	1352.2043	1273.8517	5365.581	85.64631	5518.829	5247.2817	1000.0	1000.0	430000	492.1745	39.424545	543.9358	205.54187	-494.23904	10.392461	10186.653411388397
87	3856.7922	181.46742	4039.9333	3633.7542	1327.6038	11.902996	1347.1243	1313.3591	5321.4717	88.80006	5418.755	5173.219	1000.0	1000.0	435000	492.89725	39.61964	545.66504	205.91873	-494.8066	10.259	10337.171880960464
88	3901.3203	89.882065	3999.3035	3742.5327	1332.5762	35.77121	1390.7926	1286.3043	5543.923	152.22687	5715.043	5162.234	1000.0	1000.0	440000	493.7447	39.404823	546.5674	203.27454	-495.73706	10.250364	10487.566485404968
89	3881.5786	83.645905	4023.2847	3782.2917	1321.2874	15.531536	1338.3511	1292.7769	5404.305	84.88883	5569.978	5256.387	1000.0	1000.0	445000	494.57974	39.437508	548.57416	208.06972	-496.45575	10.332283	10638.001333713531
90	3843.859	65.61908	3944.9824	3765.9014	1327.135	22.243176	1358.3531	1288.7095	5587.0996	56.20985	5683.6553	5472.5957	1000.0	1000.0	450000	495.22308	39.175934	547.9617	202.56653	-497.1023	10.441411	10788.537976026535
91	3856.1687	100.07419	3947.95	3681.749	1338.9636	22.518448	1365.5704	1302.2903	5520.8916	73.994865	5662.4355	5412.439	1000.0	1000.0	455000	495.84793	39.07016	549.3436	202.06436	-497.7833	10.352433	10937.762721776962
92	3859.9082	54.832783	3959.3328	3813.263	1362.0	42.687355	1418.051	1295.9637	5511.2114	83.30161	5651.6387	5310.278	1000.0	1000.0	460000	496.5875	39.205276	548.5068	199.66234	-498.61514	10.438137	11089.636120796204
93	3868.713	84.251724	4023.506	3791.3464	1344.773	36.72729	1395.2316	1287.0134	5276.49	41.974247	5334.0596	5201.9185	1000.0	1000.0	465000	497.3861	39.31501	548.9098	194.92091	-499.2721	10.36458	11239.24984574318
94	3871.939	98.4466	3965.9253	3686.9036	1334.6199	25.267775	1365.2664	1304.0452	5363.9316	50.856323	5467.3394	5285.5063	1000.0	1000.0	470000	498.13754	39.242226	550.1559	198.04962	-500.0189	10.350666	11388.525950670242
95	3791.998	66.02177	3887.881	3698.7463	1327.0447	26.63551	1349.2964	1285.1581	5302.8784	189.8383	5422.407	4745.8496	1000.0	1000.0	475000	498.91196	39.116993	551.7416	196.11314	-500.8254	10.51389	11537.490458726883
96	3925.3484	73.98206	3994.8467	3789.5315	1331.7141	29.080038	1382.1221	1304.0531	5522.416	66.87668	5615.121	5414.4443	1000.0	1000.0	480000	499.69952	38.78377	552.2872	204.9584	-501.6211	10.513731	11686.796668052673
97	3868.6328	126.98393	4085.866	3734.8599	1334.9014	18.152832	1353.2673	1300.1917	5291.2915	117.846596	5557.8647	5120.8647	1000.0	1000.0	485000	500.32874	38.776024	552.25574	207.68527	-502.30966	10.265458	11836.334545135498
98	3826.6152	199.51491	4094.5425	3512.1633	1348.5098	51.739643	1433.9767	1274.1349	5510.0723	158.85945	5678.186	5083.0513	1000.0	1000.0	490000	501.17892	38.134773	553.8961	205.82489	-503.15756	10.185514	11985.505490541458
99	3841.3223	136.72986	3981.5002	3613.8281	1332.1316	30.14876	1375.8789	1292.0641	5768.2163	73.50699	5865.5264	5607.3447	1000.0	1000.0	495000	501.7286	38.35802	552.53674	208.35242	-503.7014	10.373456	12137.205107688904
