Epoch	AverageEpRet	StdEpRet	MaxEpRet	MinEpRet	AverageTestEpRet	StdTestEpRet	MaxTestEpRet	MinTestEpRet	EpLen	TestEpLen	TotalEnvInteracts	AverageQVals	StdQVals	MaxQVals	MinQVals	LossPi	LossQ	Time
1	-280.08463	66.75081	-220.33096	-405.2384	-600.5757	1.2986902	-598.0603	-602.2957	1000.0	1000.0	5000	1.1394451	2.0006082	13.116472	-9.579973	-1.6898824	0.3209147	99.28060698509216
2	-251.52896	68.70695	-192.48024	-385.60785	-591.39496	1.8037136	-587.8652	-594.85297	1000.0	1000.0	10000	3.1739256	3.3029687	19.662735	-10.618124	-3.5687687	0.85807335	203.43742394447327
3	-478.5957	146.49585	-185.721	-559.19476	-256.52945	17.25897	-233.10915	-283.1695	1000.0	1000.0	15000	2.6555958	4.0669017	23.279783	-7.8465395	-2.810634	0.56589323	311.415118932724
4	-203.48454	14.585517	-178.18352	-221.80515	-549.39746	51.468594	-446.4627	-604.3733	1000.0	1000.0	20000	0.8291457	3.4396858	11.390465	-10.704361	-0.8914885	0.39235836	393.3515169620514
5	-247.80891	80.07533	-176.55446	-404.10956	-261.93744	22.155825	-218.54866	-301.41907	1000.0	1000.0	25000	-0.853511	3.2543597	11.294365	-14.528372	0.8712053	0.30018416	474.59063696861267
6	-200.9727	19.785973	-187.05219	-239.31442	-262.17255	15.789133	-231.57193	-289.60687	1000.0	1000.0	30000	-2.468401	3.1540442	12.391839	-18.405598	2.463478	0.28820786	561.4838759899139
7	-435.64484	125.333786	-197.35835	-526.7452	-562.66797	9.488204	-539.5201	-573.27655	1000.0	1000.0	35000	-2.0211108	4.579327	14.686595	-23.378447	1.3742795	0.48900405	645.8892481327057
8	-489.4227	38.1666	-423.18936	-520.73706	-556.5402	6.540945	-540.3482	-561.91534	1000.0	1000.0	40000	0.46215615	8.427525	15.851667	-21.246853	-0.84186584	0.43318632	728.3645670413971
9	-535.7033	30.01056	-508.4757	-588.31354	-1157.0554	40.579803	-1081.5819	-1225.6512	1000.0	1000.0	45000	-2.7102082	10.442281	14.724018	-26.21893	2.6824646	0.37216944	808.7706551551819
10	-762.4892	287.4453	-482.42914	-1125.0469	-488.73862	4.233514	-481.25607	-494.59717	1000.0	1000.0	50000	-5.6103134	10.805355	11.877586	-28.408613	5.565649	0.4824914	892.3698341846466
11	-369.30936	189.62778	-60.834442	-559.04395	53.340233	37.09995	113.490395	-0.6169514	1000.0	1000.0	55000	-8.27281	9.731091	9.609245	-30.242447	8.295906	0.29577032	972.7170159816742
12	118.65377	175.99937	246.61089	-227.1265	-527.67975	43.9313	-437.8804	-573.8531	1000.0	1000.0	60000	-10.38359	8.860667	3.9321086	-35.26361	10.318115	0.43951523	1061.1748099327087
13	74.430176	286.36374	237.50215	-497.67117	84.47216	25.166164	121.914665	40.965107	1000.0	1000.0	65000	-11.045392	10.166087	3.1936164	-37.35523	10.897111	0.4363291	1141.3061408996582
14	154.73006	37.540268	201.23857	93.6983	145.86057	29.971176	196.66309	96.653595	1000.0	1000.0	70000	-9.851126	10.510046	4.7495084	-38.103554	9.556644	0.3852219	1221.381961107254
15	-88.68324	274.13452	248.82672	-382.6061	148.96536	46.817017	212.32156	73.280426	1000.0	1000.0	75000	-8.856297	10.808482	7.441149	-38.147522	8.781117	0.3923205	1301.5943880081177
16	217.23413	31.043615	256.81985	161.25458	158.48294	34.429665	214.84018	125.226204	1000.0	1000.0	80000	-8.99127	10.339991	5.3652835	-39.4286	8.787842	0.42052206	1382.2661759853363
17	203.31364	37.00031	246.43735	152.86382	182.76932	38.122005	237.78882	91.43429	1000.0	1000.0	85000	-7.449286	9.952802	6.029161	-37.52648	7.15597	0.39109057	1461.8522188663483
18	242.98657	26.266392	265.55008	194.78662	156.62202	26.14551	190.23636	116.74639	1000.0	1000.0	90000	-6.1955137	9.273912	6.850774	-33.950977	5.9554567	0.27509496	1541.4820430278778
19	228.76009	26.143272	259.14108	190.68155	160.2013	28.46148	199.59903	111.55148	1000.0	1000.0	95000	-4.678616	9.596264	8.729407	-33.783184	4.393578	0.3469636	1620.4803409576416
20	257.1993	17.905806	280.56183	237.16977	263.1607	13.196104	285.1044	243.89449	1000.0	1000.0	100000	-3.4995134	9.61793	8.900561	-33.35407	3.2099981	0.38499343	1699.8143050670624
21	258.26956	20.14945	295.19394	239.85228	253.82698	15.036863	275.21945	227.76697	1000.0	1000.0	105000	-2.1948702	9.639494	14.948759	-32.636463	1.8872086	0.3725206	1778.9126191139221
22	230.96207	36.58583	272.54324	177.37776	208.89433	28.056456	258.04697	158.69933	1000.0	1000.0	110000	-0.5987119	9.4991255	14.026871	-31.959305	0.3785318	0.3987415	1857.993047952652
23	243.21469	19.524815	276.0222	225.88614	147.27414	28.101904	208.61682	100.072586	1000.0	1000.0	115000	0.18926491	9.16587	13.786715	-30.51525	-0.46783042	0.46879083	1937.5815451145172
24	224.96469	30.381372	273.5334	182.688	172.07675	26.011879	216.51186	130.97012	1000.0	1000.0	120000	0.6695147	8.883611	12.634056	-29.04944	-0.9348475	0.3587168	2017.450737953186
25	243.94498	28.857445	280.2459	211.57184	180.9757	23.248827	208.77156	138.09053	1000.0	1000.0	125000	1.5249243	8.632143	13.319226	-27.08676	-1.7606301	0.30734032	2096.890237092972
26	240.9585	26.80237	285.83658	204.10985	161.78928	39.625874	234.35045	105.38615	1000.0	1000.0	130000	2.0662985	7.981007	14.646668	-26.50124	-2.2896817	0.33519742	2176.5595910549164
27	229.0411	31.877253	268.09116	200.83424	152.57059	31.518267	202.83112	112.83729	1000.0	1000.0	135000	3.0324776	8.046768	14.700208	-25.591158	-3.2691872	0.33301353	2255.7757799625397
28	221.81918	35.556953	270.8253	174.1738	153.68619	40.257164	210.79594	87.682976	1000.0	1000.0	140000	3.5239992	8.047292	15.268656	-26.526138	-3.7235324	0.36078322	2334.8735110759735
29	235.7916	29.279434	269.39005	200.21529	167.77219	27.147215	209.68137	127.42664	1000.0	1000.0	145000	4.201819	8.264405	15.456109	-25.121155	-4.428627	0.39783832	2414.5823318958282
30	246.59041	16.82693	269.42072	219.33182	195.75491	19.794006	234.0922	169.30994	1000.0	1000.0	150000	4.694547	7.9355216	16.708252	-24.398642	-4.9121947	0.37298632	2493.491933107376
31	221.1038	27.673975	243.0149	166.88507	165.02332	37.649586	232.66034	92.11333	1000.0	1000.0	155000	4.9277997	7.663204	16.773643	-25.19634	-5.1137557	0.3420262	2572.66765499115
32	236.39226	25.097809	274.5509	203.46101	136.62625	22.903996	170.72195	92.05848	1000.0	1000.0	160000	6.2244353	7.8992877	18.444773	-24.428757	-6.4250407	0.37388128	2653.069263935089
33	198.5552	32.967484	235.0359	136.91414	137.3034	34.24138	189.28197	68.196266	1000.0	1000.0	165000	6.472858	7.924596	17.02799	-24.283522	-6.679652	0.3606123	2732.3429589271545
34	216.76486	25.389797	243.3004	184.47685	155.9701	27.189306	207.90767	125.94225	1000.0	1000.0	170000	6.4693804	7.8514414	17.533216	-24.965347	-6.6460266	0.4165326	2812.549169063568
35	205.06909	31.226135	239.60983	157.10075	157.76746	23.930727	210.74103	119.55414	1000.0	1000.0	175000	6.642047	7.844036	18.108738	-23.775354	-6.8643494	0.3266727	2892.459856033325
36	223.58969	22.808605	253.9211	186.44415	148.41167	34.682568	219.84235	92.6574	1000.0	1000.0	180000	7.119894	7.599769	18.336702	-23.969717	-7.292389	0.3953784	2972.260852098465
37	219.35014	14.266489	235.78526	196.64594	157.54872	20.913403	195.52173	131.50647	1000.0	1000.0	185000	7.685603	8.05342	21.804594	-23.594456	-7.8991513	0.36029413	3051.7440021038055
38	206.82877	11.665186	228.05785	194.40334	160.75818	22.859678	198.51514	135.87764	1000.0	1000.0	190000	7.7462864	8.038354	19.345922	-24.459007	-7.899232	0.3707084	3131.558933019638
39	225.16553	37.04203	280.98044	182.26717	157.10449	19.712301	189.51591	125.286644	1000.0	1000.0	195000	7.858288	8.4017	19.564503	-25.74701	-8.036835	0.36999303	3211.4225821495056
40	203.40756	42.03794	242.70836	128.30151	155.5661	23.255259	187.37065	115.73476	1000.0	1000.0	200000	8.354108	7.7323155	20.034292	-25.852568	-8.541172	0.40468484	3291.4473009109497
41	222.47156	6.819375	230.7832	210.70027	150.1223	25.805912	186.27399	111.089645	1000.0	1000.0	205000	8.709462	8.11648	20.90615	-25.03144	-8.853934	0.35655057	3370.9125950336456
42	239.63416	20.131348	272.90677	217.10252	167.72748	26.99499	199.93852	121.72709	1000.0	1000.0	210000	8.821039	7.7410254	18.999157	-24.909845	-8.979646	0.38663885	3450.7479078769684
43	227.98872	33.79087	273.92682	177.50356	169.55884	34.38825	217.24655	112.41596	1000.0	1000.0	215000	9.00394	7.8568525	20.842316	-24.998497	-9.130104	0.37051308	3530.7637388706207
44	214.48999	24.658073	248.6333	186.70872	156.152	35.31347	199.16	100.39427	1000.0	1000.0	220000	9.012483	7.6982217	19.964663	-26.00578	-9.146665	0.37158117	3611.5249490737915
45	245.54614	15.643616	271.1833	228.76953	-89.654594	6.2542152	-75.52233	-96.74336	1000.0	1000.0	225000	8.975593	8.220678	19.995049	-30.050407	-9.092079	0.33429462	3691.3298020362854
46	59.253662	124.63773	212.71721	-67.40742	152.16077	21.09085	192.66397	116.19235	1000.0	1000.0	230000	8.509844	8.094598	18.401371	-28.727207	-8.517523	0.24980073	3771.3782670497894
47	225.62944	15.380095	251.05263	209.61067	172.91605	34.584225	255.23222	120.67793	1000.0	1000.0	235000	8.119139	8.428721	21.035706	-30.139149	-8.253411	0.29780468	3852.1349120140076
48	214.27222	27.923817	256.49625	187.21808	158.01741	25.159637	194.2425	108.462265	1000.0	1000.0	240000	7.970833	8.307475	21.4338	-30.859852	-8.102328	0.34082896	3932.973330974579
49	161.87817	137.35435	240.7903	-112.54888	129.59373	21.724955	175.61473	102.071754	1000.0	1000.0	245000	8.339668	8.232858	21.452686	-31.14351	-8.437102	0.35583067	4013.3262701034546
50	231.89856	20.189009	269.63242	210.17393	175.37965	19.435987	212.86992	157.87842	1000.0	1000.0	250000	9.163194	7.977332	20.200947	-29.537182	-9.28945	0.2918337	4093.2393848896027
51	214.56906	32.904026	267.89304	164.72598	151.7707	23.840519	186.58563	107.93458	1000.0	1000.0	255000	9.059839	8.205772	19.893995	-30.404305	-9.182645	0.30978134	4173.540478944778
52	220.21614	32.202965	258.5262	165.16977	146.50682	22.25845	176.15225	96.6606	1000.0	1000.0	260000	9.119511	7.7373776	19.693924	-29.423117	-9.250468	0.33156168	4253.428960084915
53	225.42986	12.316994	242.72044	214.48187	148.71283	20.65893	183.85516	115.642944	1000.0	1000.0	265000	9.14461	8.309089	20.325127	-30.100353	-9.267208	0.32199278	4333.9777319431305
54	228.47562	12.571526	252.42142	217.03941	168.74623	23.12258	220.68802	135.11533	1000.0	1000.0	270000	10.810682	8.01898	21.605558	-29.613886	-10.954092	0.34067616	4413.672991991043
55	227.42839	12.551475	248.74638	214.90591	165.91312	20.840296	213.24086	138.2947	1000.0	1000.0	275000	9.78429	8.022244	20.50933	-28.368353	-9.906416	0.3629646	4493.982766866684
56	230.93494	9.619642	243.34003	216.41704	139.11276	11.917617	154.35474	114.08467	1000.0	1000.0	280000	10.241331	7.63794	20.465864	-28.553596	-10.359783	0.35086006	4574.725426912308
57	205.10776	42.499943	282.29172	151.50098	145.663	19.834698	183.46246	117.138374	1000.0	1000.0	285000	9.607681	7.976805	20.68004	-30.29336	-9.714629	0.31221616	4654.704252958298
58	217.52461	34.069168	268.18738	168.8423	157.65002	26.697231	195.80655	96.840614	1000.0	1000.0	290000	10.515052	8.053192	20.639238	-31.705257	-10.616584	0.30737084	4735.114067077637
59	230.56157	11.355798	246.07219	212.81683	162.23544	25.17093	210.82529	127.11898	1000.0	1000.0	295000	10.269804	8.152464	20.069616	-33.65187	-10.365577	0.32711384	4816.060736179352
60	239.72153	24.31713	264.83414	199.81227	156.11972	27.977343	195.42763	105.77628	1000.0	1000.0	300000	9.916203	8.006651	21.135551	-34.619556	-10.004478	0.33605477	4896.328607082367
61	211.10861	28.589567	233.28624	155.2871	169.46065	19.85466	214.5178	146.65175	1000.0	1000.0	305000	10.631723	8.624233	20.900036	-37.874474	-10.739823	0.33462253	4976.538917064667
62	215.9821	19.236017	240.51521	187.63414	225.03601	19.301949	255.85388	201.33539	1000.0	1000.0	310000	10.994631	8.499217	20.618073	-35.044445	-11.0894785	0.34617677	5057.243724107742
63	218.32722	7.856483	228.62306	205.46289	178.189	21.332619	202.15657	139.27318	1000.0	1000.0	315000	10.409849	8.487225	20.615662	-36.085	-10.488072	0.31210092	5137.981148958206
64	226.90605	35.471035	271.78467	163.52632	162.71115	28.622318	209.71909	119.116135	1000.0	1000.0	320000	11.262939	8.503297	25.824835	-37.459755	-11.361875	0.29756796	5219.0750279426575
65	252.96468	19.623972	275.28232	229.35144	147.87099	27.252296	200.33458	103.39328	1000.0	1000.0	325000	11.443054	9.045632	22.71757	-39.490875	-11.522821	0.34995103	5299.425729036331
66	211.41574	12.885799	231.37732	194.18669	141.39311	36.21678	196.01102	91.14668	1000.0	1000.0	330000	10.926204	9.291432	22.3745	-41.055374	-11.026717	0.3772204	5379.9129550457
67	250.81479	19.145878	269.31403	216.90279	167.52263	35.363346	203.27238	86.11254	1000.0	1000.0	335000	11.300072	9.076689	22.917841	-44.204884	-11.382361	0.3431644	5459.6382529735565
68	216.96704	13.826762	230.13756	193.362	167.9443	13.378136	186.99742	140.59236	1000.0	1000.0	340000	10.805948	9.772719	21.905685	-43.640255	-10.891741	0.35161147	5540.169911146164
69	232.04655	20.523104	259.0618	207.59642	158.40756	33.881176	209.51192	98.912994	1000.0	1000.0	345000	11.937965	9.591112	22.555014	-44.181915	-12.016917	0.34624034	5621.199908018112
70	219.637	19.209883	250.40059	195.45248	150.52081	28.717186	191.51166	87.744354	1000.0	1000.0	350000	11.14756	9.3841505	21.290962	-46.053795	-11.233191	0.30894175	5701.028570890427
71	226.76956	27.44071	252.9835	175.47601	176.74916	29.8019	241.56209	129.15578	1000.0	1000.0	355000	12.05861	9.175857	22.308514	-49.165062	-12.159275	0.34333038	5781.044970989227
72	229.09122	26.32663	275.76785	197.02602	155.13142	29.979246	189.54875	99.65074	1000.0	1000.0	360000	11.561641	9.145821	22.408257	-45.286476	-11.644865	0.35266763	5861.885488986969
73	239.58174	18.460415	263.71548	213.20615	170.4796	30.880964	228.26065	120.19318	1000.0	1000.0	365000	12.142105	9.423289	24.27283	-44.49964	-12.210964	0.33305988	5942.117324113846
74	233.09566	30.76489	263.068	177.1305	161.05272	33.022736	211.94202	108.35095	1000.0	1000.0	370000	13.36784	9.369981	23.442081	-41.91781	-13.461692	0.30725038	6022.48859500885
75	239.04109	19.162395	274.38428	216.0079	155.00793	25.18706	188.46991	108.09539	1000.0	1000.0	375000	12.498955	9.110645	22.537828	-45.0623	-12.597255	0.34701478	6103.016891956329
76	226.13948	14.432538	243.3919	200.65393	166.7776	18.55318	203.2941	137.46701	1000.0	1000.0	380000	12.913503	9.130759	23.946949	-45.967525	-13.011819	0.3667595	6183.452642917633
77	231.77095	30.559437	276.27377	196.01582	159.65701	21.918022	209.48222	127.5463	1000.0	1000.0	385000	12.764473	9.233751	24.032074	-45.65782	-12.869121	0.32568946	6264.388446092606
78	218.64978	18.006887	238.98175	194.17963	176.03423	27.296572	220.52098	105.78117	1000.0	1000.0	390000	13.784095	8.661052	23.954792	-40.620827	-13.873896	0.34783238	6345.277662038803
79	211.34033	19.861082	247.94817	189.61298	151.65584	31.61924	190.30246	86.791855	1000.0	1000.0	395000	12.391096	8.930245	23.829346	-39.4318	-12.454453	0.27599388	6426.812242031097
80	209.08951	24.171597	245.5201	177.13736	136.14725	24.483067	170.15988	96.403564	1000.0	1000.0	400000	12.846891	8.773599	24.796553	-39.562206	-12.926159	0.29304492	6507.874377965927
81	240.52751	13.055856	265.1724	228.47783	170.32762	21.528444	197.95259	120.96615	1000.0	1000.0	405000	13.174471	8.502355	24.233643	-41.23011	-13.240025	0.33640453	6588.169685125351
82	217.15813	7.058806	226.58194	207.29506	151.22163	37.385212	224.62514	104.464005	1000.0	1000.0	410000	12.281956	8.677628	23.954695	-44.674263	-12.352066	0.33007583	6669.164384126663
83	251.27344	14.216128	268.81284	228.7965	148.14124	29.560823	193.88214	110.285324	1000.0	1000.0	415000	12.743921	8.460067	22.528542	-42.574265	-12.79834	0.30859962	6750.083959102631
84	214.48767	15.171934	240.57454	198.88667	163.80267	24.369253	203.4658	120.90138	1000.0	1000.0	420000	13.308101	8.294126	24.6189	-39.308777	-13.384239	0.3246888	6831.544823169708
85	247.54175	20.18245	268.75116	216.55823	159.7741	30.871458	213.78528	101.48468	1000.0	1000.0	425000	13.419697	7.928878	23.4364	-40.08622	-13.458865	0.3179319	6913.1191918849945
86	232.39558	30.827322	265.46478	182.29086	132.86798	28.887737	189.14001	93.631096	1000.0	1000.0	430000	13.741658	7.972487	23.733656	-38.57242	-13.798184	0.34549886	6994.025192975998
87	238.97461	29.868471	271.26978	200.11847	167.56958	38.488	224.09929	116.804756	1000.0	1000.0	435000	13.362177	8.287256	24.382595	-38.555553	-13.4224	0.32304224	7074.438983917236
88	213.33804	22.293058	242.87375	180.29626	158.147	19.56419	195.34875	127.74338	1000.0	1000.0	440000	13.241015	8.303741	24.798254	-38.95955	-13.316499	0.28809536	7155.405591011047
89	245.97836	23.755116	280.83563	219.88873	153.8492	24.304771	190.37988	117.003	1000.0	1000.0	445000	13.515299	8.317416	24.035553	-43.2127	-13.574356	0.3289088	7235.937157869339
90	214.60449	13.394939	236.03918	198.43773	164.00479	37.0748	219.04814	87.46879	1000.0	1000.0	450000	13.967161	8.066902	23.965889	-41.130955	-14.038813	0.2732616	7317.530871152878
91	216.05478	15.876678	240.35901	194.71092	164.79065	29.654903	222.14471	119.532036	1000.0	1000.0	455000	12.608068	8.27866	24.039618	-41.291805	-12.665823	0.3094918	7398.574711799622
92	220.42944	16.945154	237.19246	192.52385	162.63335	18.985918	206.09737	130.42946	1000.0	1000.0	460000	13.859195	7.800123	23.52492	-43.133957	-13.927483	0.33362526	7479.129260778427
93	216.93289	13.139514	230.65723	198.35362	152.6797	34.32968	202.17024	75.11773	1000.0	1000.0	465000	13.414719	8.118455	23.126064	-41.388336	-13.468613	0.29354692	7560.454077959061
94	235.94727	36.353924	274.62814	182.07365	158.48286	16.068098	183.86588	133.51225	1000.0	1000.0	470000	13.351824	7.9451084	23.080006	-47.684162	-13.394284	0.28313598	7641.197118997574
95	227.54654	17.437172	259.8321	210.84286	161.07834	36.974953	203.496	90.37014	1000.0	1000.0	475000	12.883383	8.026559	23.104626	-42.61673	-12.927056	0.30802798	7722.153251886368
96	229.58963	16.16174	253.47873	203.2456	167.6274	22.26966	213.44713	130.19727	1000.0	1000.0	480000	13.121823	7.9414916	23.22379	-39.920254	-13.182547	0.28720126	7803.676973819733
97	228.65915	9.55638	238.51933	215.70796	155.34349	25.60771	200.75114	110.09019	1000.0	1000.0	485000	13.496603	7.409433	23.913385	-40.18045	-13.561445	0.27121422	7884.979784011841
98	230.01277	26.101843	259.04916	192.33401	183.25815	31.9431	218.5954	117.13472	1000.0	1000.0	490000	14.427879	7.699443	24.49981	-37.789566	-14.497785	0.32804376	7966.028944015503
99	211.21555	24.70901	240.14424	167.70424	200.39314	16.652346	229.6574	181.63538	1000.0	1000.0	495000	14.281414	7.8039565	24.291285	-37.150238	-14.334104	0.27689287	8046.819443941116
