Epoch	AverageEpRet	StdEpRet	MaxEpRet	MinEpRet	AverageTestEpRet	StdTestEpRet	MaxTestEpRet	MinTestEpRet	EpLen	TestEpLen	TotalEnvInteracts	AverageQ1Vals	StdQ1Vals	MaxQ1Vals	MinQ1Vals	AverageQ2Vals	StdQ2Vals	MaxQ2Vals	MinQ2Vals	LossPi	LossQ	Time
1	-342.44244	68.75638	-271.1861	-428.4403	-564.4197	1.3269464	-561.70795	-567.4844	1000.0	1000.0	5000	0.19129288	1.0774444	5.2198477	-6.9377146	0.19135095	1.0766679	5.4177456	-6.8550863	-0.59157157	0.721107	31.992807865142822
2	-250.40298	32.343365	-201.593	-296.12186	-392.05353	16.744473	-366.18454	-424.78864	1000.0	1000.0	10000	0.15127492	1.324518	6.416223	-8.9166565	0.15117271	1.3251264	6.650471	-9.881818	-0.621097	0.8392163	62.21214985847473
3	-337.2103	114.087456	-127.111755	-445.70798	65.17157	74.5803	183.03612	-25.501575	1000.0	1000.0	15000	1.274934	1.8557469	9.736254	-5.622917	1.2758057	1.8549992	9.13468	-6.816076	-1.7897967	0.8816033	90.45743083953857
4	40.018658	46.554386	116.90728	-25.898546	309.7315	110.66843	469.85095	56.583263	1000.0	1000.0	20000	3.3713944	2.5381708	12.8068695	-7.046526	3.3712392	2.5388489	13.003038	-5.834048	-3.8957098	0.9671047	119.46751189231873
5	372.47177	102.11287	480.28275	190.23766	466.4746	44.68589	530.06696	405.19855	1000.0	1000.0	25000	6.305313	2.9609363	17.439499	-3.3231447	6.304912	2.962335	16.3389	-2.3995214	-6.8492994	1.2276809	150.58208680152893
6	364.4638	282.04044	556.5347	-196.445	660.69604	33.984188	731.1056	589.5206	1000.0	1000.0	30000	8.41208	3.327433	19.966038	-3.391914	8.41009	3.3310585	19.986534	-1.407768	-8.873139	1.5640948	180.15674209594727
7	394.42163	315.42584	602.91815	-233.36545	-27.64169	219.41345	325.29205	-177.82722	1000.0	1000.0	35000	9.376376	3.6486552	20.06218	-2.2318473	9.374343	3.6518595	20.70301	-1.2479665	-9.784713	1.4622362	208.785218000412
8	100.33615	254.42871	522.5201	-124.141136	-86.54834	2.9118586	-82.39137	-91.17459	1000.0	1000.0	40000	9.686076	3.6075218	20.857744	-2.764489	9.684688	3.610209	20.790964	-0.77856183	-10.052761	1.3154596	236.16365003585815
9	-65.81639	14.395856	-52.375275	-87.69603	-87.42795	3.7701402	-77.409485	-91.73415	1000.0	1000.0	45000	9.4722	3.2065074	20.507057	-1.1231556	9.471367	3.2090788	20.115437	-1.1584773	-9.792543	1.15816	264.1267478466034
10	40.351784	253.10246	546.32623	-95.676575	-26.077124	158.98912	450.85223	-82.46256	1000.0	1000.0	50000	8.938652	2.5910351	19.098534	0.2099185	8.938295	2.5921533	18.067741	-1.6819582	-9.220122	0.96387273	291.8897850513458
11	34.303535	252.0322	537.7271	-106.616844	-110.38881	1.90447	-106.99634	-113.771324	1000.0	1000.0	55000	8.235665	1.994978	18.008131	-0.0942297	8.235629	1.996525	17.222809	-3.4459562	-8.491974	0.8254203	319.533814907074
12	256.52032	308.8211	611.9174	-124.080864	424.70258	189.23677	564.8444	-123.91101	1000.0	1000.0	60000	7.732214	1.6271962	16.082191	-2.2247348	7.7322383	1.6282728	15.123638	0.45407057	-7.9699764	0.7516453	347.194299697876
13	259.25015	324.68094	693.08374	-120.6199	207.87398	311.7006	567.2926	-108.29961	1000.0	1000.0	65000	7.3555207	1.4400201	14.003867	0.592927	7.355746	1.4403937	14.54192	0.17607927	-7.5687156	0.72937655	374.76484298706055
14	478.75946	306.0037	732.2896	-101.26041	525.1767	60.497498	606.7273	441.31137	1000.0	1000.0	70000	7.2078013	1.3529378	14.232424	0.043027878	7.207809	1.3533727	13.704825	-0.34200525	-7.415761	0.70024925	402.6937987804413
15	617.32605	62.267162	686.6162	511.90732	432.21103	273.82037	659.38007	-103.904274	1000.0	1000.0	75000	7.0888376	1.3183981	13.243771	-0.17630816	7.089094	1.3183557	14.059032	0.070578575	-7.285154	0.6807324	430.8031268119812
16	414.2046	284.53455	655.6745	-122.48811	494.73688	214.20738	714.40314	-113.95786	1000.0	1000.0	80000	7.047505	1.324313	13.841867	-0.08939791	7.047801	1.3245059	13.850035	0.36686468	-7.2404985	0.6801543	458.06710982322693
17	499.3763	75.482864	622.2405	404.72934	518.8833	217.3165	671.5971	-110.09115	1000.0	1000.0	85000	7.0816817	1.3521559	13.520942	0.35173416	7.081898	1.3523986	14.156914	0.26512384	-7.2669096	0.6939214	485.4820477962494
18	492.01007	303.9376	739.8286	-98.73438	794.1376	60.717663	928.9851	693.2334	1000.0	1000.0	90000	7.0155797	1.3759521	13.683484	0.69117355	7.01563	1.3761288	13.382429	0.76431036	-7.193008	0.7075186	514.1209137439728
19	751.5343	92.288734	896.75146	618.03827	699.1617	48.200665	776.98285	604.7489	1000.0	1000.0	95000	6.97467	1.4266763	13.686395	0.5449214	6.9750514	1.4253368	13.982992	0.6048188	-7.1485662	0.73109806	541.4515519142151
20	667.9202	65.53001	766.59753	600.3604	461.28394	50.663933	513.9893	360.93787	1000.0	1000.0	100000	6.9910927	1.4690092	14.425611	0.13935137	6.991195	1.4681993	14.569751	-0.1950469	-7.1684656	0.77163875	569.0933899879456
21	634.0978	91.98071	741.2401	467.0437	604.0852	58.125896	685.9832	474.70334	1000.0	1000.0	105000	7.0632424	1.471423	14.512382	-0.15416622	7.0629945	1.4715916	14.8709755	0.16017771	-7.2369475	0.7641889	596.8570170402527
22	516.0754	91.858086	620.9404	404.3897	661.85333	60.428795	763.7528	572.0784	1000.0	1000.0	110000	7.0348086	1.4769572	14.446774	0.21073484	7.0349784	1.4762875	14.588451	-0.52949667	-7.201823	0.7513807	624.8834490776062
23	528.88367	75.35263	651.9935	419.82764	580.4943	48.720478	647.9728	487.1636	1000.0	1000.0	115000	7.037047	1.4803993	14.495232	0.6215315	7.037246	1.4794786	14.624321	0.37541628	-7.194525	0.75293714	652.8974349498749
24	579.9352	98.82849	689.7723	414.65005	503.50375	33.143696	571.36774	448.96298	1000.0	1000.0	120000	7.0283027	1.4848665	14.540834	0.36200237	7.0283933	1.4840585	14.314638	0.29669952	-7.18225	0.75291425	681.1787056922913
25	461.31982	152.34976	715.75934	312.60876	464.9586	34.401207	527.2814	418.3421	1000.0	1000.0	125000	7.020032	1.4779357	14.396057	-0.77074337	7.020148	1.4772165	14.774877	0.83972454	-7.170584	0.7472875	708.9017038345337
26	411.403	289.63336	712.39026	-135.9316	361.66135	32.988308	431.70383	305.632	1000.0	1000.0	130000	6.9774365	1.4701492	14.49362	-1.114367	6.977586	1.468822	14.575489	0.29800987	-7.1221037	0.75039595	736.6188728809357
27	498.30112	96.00274	661.95306	385.2934	575.44543	30.826899	608.15985	507.7782	1000.0	1000.0	135000	6.944134	1.4711595	14.373264	-2.2705455	6.94441	1.469489	14.29616	-0.6221113	-7.0845227	0.74115866	764.5672008991241
28	533.2897	64.52301	597.481	409.56375	444.45737	54.261845	526.66425	360.00842	1000.0	1000.0	140000	6.895042	1.4766546	14.1711645	-0.35306835	6.895292	1.4758809	14.227922	0.058532238	-7.0233936	0.7294741	792.5372059345245
29	491.81378	76.145996	572.15045	389.9127	605.693	245.48647	728.77405	-126.85879	1000.0	1000.0	145000	6.869882	1.4892	14.328077	-0.5567951	6.8700867	1.4878571	14.327826	0.23982811	-6.997856	0.74015975	820.6103758811951
30	622.0742	68.96319	745.34515	540.3964	551.7015	41.45601	639.7349	503.58618	1000.0	1000.0	150000	6.9064627	1.479072	14.01789	0.0075592995	6.906378	1.4785478	14.31913	-0.49598503	-7.032503	0.7278932	848.4535579681396
31	593.19073	100.37306	752.8084	441.06934	225.12057	273.61984	487.79327	-113.252945	1000.0	1000.0	155000	6.923682	1.4915079	14.416542	-0.22437811	6.9238024	1.4901203	14.112549	-0.26334906	-7.045071	0.7386898	876.5323979854584
32	516.1537	69.856674	608.304	416.1341	546.1261	41.50729	640.61053	490.97562	1000.0	1000.0	160000	6.876776	1.4843951	14.141239	-1.4038515	6.876907	1.4834663	14.001883	0.012308121	-6.99552	0.7269016	904.8405408859253
33	555.47705	59.558193	628.6817	455.78568	377.36774	169.57596	496.8599	-120.27693	1000.0	1000.0	165000	6.8590903	1.4765126	14.478323	-0.5931339	6.8591347	1.4755971	14.421751	-0.42979908	-6.9736967	0.7137936	932.9435968399048
34	542.46027	43.23785	617.6404	493.01266	456.26205	287.49072	682.9164	-111.1819	1000.0	1000.0	170000	6.865475	1.4894074	13.9200325	-1.0267458	6.8653593	1.4885882	13.9397335	-1.4024243	-6.9751368	0.72562087	960.7693769931793
35	585.5996	53.841625	676.7315	538.2655	494.40396	199.9775	600.52594	-97.651085	1000.0	1000.0	175000	6.8484263	1.4952933	14.990498	-0.46997213	6.848529	1.4941051	14.082113	0.4537058	-6.956161	0.71916133	989.0406730175018
36	595.10333	66.383965	669.7543	470.58875	631.9898	45.503555	699.2123	561.2692	1000.0	1000.0	180000	6.8439174	1.5064434	13.848124	-0.014967442	6.843901	1.5052179	13.981417	0.2526865	-6.951849	0.70890284	1017.4213118553162
37	568.18	36.358562	631.90814	521.2089	572.473	38.693207	628.7652	510.75894	1000.0	1000.0	185000	6.8127294	1.519736	13.896455	-1.3279395	6.8129177	1.5186034	13.776686	-0.7581167	-6.921228	0.71394295	1045.417368888855
38	643.63556	63.465355	728.64496	576.5996	615.4275	35.11065	677.5051	568.9544	1000.0	1000.0	190000	6.7747297	1.5149289	14.173979	-0.09264612	6.7748547	1.5140775	13.77719	0.29922533	-6.880589	0.70704687	1074.318316936493
39	578.1229	109.70218	767.4403	481.8919	707.23584	46.15791	801.78107	636.8756	1000.0	1000.0	195000	6.7829747	1.5249983	14.070078	-0.5723119	6.7832065	1.5241338	14.97843	0.116518974	-6.8866673	0.71086377	1103.0223007202148
40	648.8248	61.138496	740.77014	579.49695	635.76904	42.846504	691.78625	570.6927	1000.0	1000.0	200000	6.8149376	1.5253471	14.027824	-0.87586784	6.814895	1.5249631	13.663979	0.019034386	-6.9133635	0.6990039	1131.821329832077
41	674.06915	45.80867	749.51556	629.8125	735.29315	36.127308	805.23016	669.786	1000.0	1000.0	205000	6.867733	1.5221591	14.047285	-0.094596386	6.867943	1.5213171	14.375875	-0.47036266	-6.9646087	0.6969147	1160.271488904953
42	689.4309	29.843607	739.23425	656.5129	707.13007	50.10277	794.01495	618.6659	1000.0	1000.0	210000	6.8932986	1.5164909	13.728975	-1.3006177	6.893161	1.5161698	14.489323	0.42392588	-6.992137	0.6956838	1189.2152528762817
43	692.5603	44.89082	770.31177	643.0349	767.8565	18.241066	791.48193	731.14404	1000.0	1000.0	215000	6.939428	1.5220802	13.751091	-0.08797407	6.9396467	1.5209756	14.585025	-0.7420211	-7.0328517	0.6956137	1217.4584288597107
44	542.4928	339.99948	776.07794	-129.75244	656.4464	29.858849	701.83203	585.5506	1000.0	1000.0	220000	6.989535	1.5281893	13.9819565	-0.20099258	6.9895945	1.5280585	13.672041	-0.8430948	-7.0816507	0.68653977	1245.5137939453125
45	674.38837	62.71243	733.37573	555.538	707.8418	23.363111	747.3307	665.18286	1000.0	1000.0	225000	7.027992	1.5365905	13.556713	-0.731987	7.0279784	1.5361867	14.505043	0.40762854	-7.12435	0.6835444	1273.8962140083313
46	741.6006	49.17426	791.7842	653.0313	703.9831	33.224827	773.69745	645.0102	1000.0	1000.0	230000	7.082664	1.5448014	13.881153	-2.4711251	7.082761	1.5439864	14.137245	-0.30232716	-7.175639	0.6855268	1302.1804819107056
47	715.77734	63.70165	813.41614	626.9928	707.11707	39.141617	755.8137	632.34436	1000.0	1000.0	235000	7.132452	1.5341278	14.04164	-0.63590527	7.1323533	1.5340095	14.388157	-0.35705328	-7.2246633	0.6744333	1331.017446756363
48	686.992	49.36839	745.5226	610.80164	747.5371	38.254158	805.5589	694.4274	1000.0	1000.0	240000	7.150774	1.5328947	13.882729	0.4082265	7.1508183	1.5327941	13.926794	0.0097332	-7.2382884	0.66284734	1359.4848749637604
49	743.8514	35.329124	784.3064	689.3145	861.0374	54.219036	942.90894	794.37134	1000.0	1000.0	245000	7.1714	1.5505084	14.07973	-0.6207814	7.1712675	1.5501734	13.979108	-1.7341976	-7.262207	0.67866784	1387.9655919075012
50	777.43646	59.704605	843.1066	664.81433	711.5248	35.3902	773.22925	640.15924	1000.0	1000.0	250000	7.2480216	1.556267	13.926985	-4.0656185	7.24803	1.5558122	13.78487	-0.6836581	-7.3465037	0.67237276	1416.8272728919983
51	707.219	75.92517	781.9476	590.677	739.98004	39.87808	796.622	683.3732	1000.0	1000.0	255000	7.3247805	1.5535629	13.650943	-1.1449285	7.3250327	1.5531816	13.810688	-0.8669257	-7.418882	0.6616027	1445.458923816681
52	780.16266	72.9489	881.8904	663.8367	823.973	42.26209	900.4136	761.66235	1000.0	1000.0	260000	7.344447	1.5523278	13.771273	-0.86947393	7.344407	1.5519948	13.988794	-0.05663538	-7.4366264	0.6510662	1474.196960926056
53	747.7578	32.578636	806.7937	713.3402	803.28796	32.96383	881.80273	767.71796	1000.0	1000.0	265000	7.3847656	1.5619413	13.899104	-1.2430887	7.3847237	1.561657	13.916033	-0.8809428	-7.4772525	0.6487644	1502.81431889534
54	778.92316	34.005814	816.64386	730.39844	748.43475	39.133816	806.7019	681.10333	1000.0	1000.0	270000	7.4394293	1.578029	14.045442	-1.1506743	7.4394956	1.5777614	14.041268	-1.106574	-7.5379014	0.6445497	1531.5213317871094
55	800.8176	49.023117	879.5129	725.19946	732.7869	45.841732	834.51965	670.2069	1000.0	1000.0	275000	7.509832	1.585016	14.53566	-0.60243607	7.509863	1.5847483	15.162933	-1.0797248	-7.5963397	0.644629	1559.7828269004822
56	739.2387	57.57863	811.414	640.5047	867.9948	37.578487	953.9484	821.0928	1000.0	1000.0	280000	7.576557	1.5691739	14.40183	-0.73760796	7.576757	1.5685512	14.260275	0.09709549	-7.673435	0.64285517	1588.2815420627594
57	811.76904	58.33125	885.5018	721.4743	762.80554	46.187664	859.99615	700.86163	1000.0	1000.0	285000	7.6484637	1.5560799	13.977683	-1.099504	7.6483173	1.5561943	13.901983	0.11290121	-7.7393064	0.63384813	1617.340699672699
58	784.5206	59.004475	869.8202	706.1485	826.84766	22.541	856.92346	793.3325	1000.0	1000.0	290000	7.6966214	1.5852968	14.349172	0.46506357	7.6967926	1.5845034	14.033476	0.1131773	-7.791127	0.64285564	1646.3398020267487
59	873.68524	55.206245	943.64484	783.7839	830.53925	38.525433	899.1112	767.782	1000.0	1000.0	295000	7.7886863	1.5775867	14.148523	-0.93709135	7.7887516	1.5771013	14.5041485	-0.21747303	-7.878391	0.6350339	1674.890567779541
60	855.8869	60.680954	916.9674	739.8403	798.33777	23.150635	848.62726	769.2503	1000.0	1000.0	300000	7.840999	1.5842019	14.345459	0.4665346	7.841003	1.5842623	14.19361	-0.49927235	-7.930153	0.6457568	1704.2865960597992
61	841.6906	52.52333	921.44073	760.48914	833.19403	39.747032	896.1504	774.56165	1000.0	1000.0	305000	7.9103065	1.583276	14.401606	-0.8709998	7.910301	1.5828816	14.458622	0.114403725	-7.9928193	0.64580935	1733.062565088272
62	824.492	17.790445	847.2144	796.1142	787.7589	41.95911	836.7482	719.1128	1000.0	1000.0	310000	7.9688797	1.6023153	14.413984	-1.8207111	7.9688334	1.6022421	14.2626505	-0.8229985	-8.060764	0.6569241	1761.9539120197296
63	753.817	44.519638	822.9895	710.67615	667.4044	27.138844	697.9362	611.8494	1000.0	1000.0	315000	8.060756	1.6046121	14.305246	-0.97762775	8.060821	1.6041743	14.410125	-0.11477566	-8.151828	0.6342787	1791.1897978782654
64	751.0193	86.48593	880.7335	655.41	862.7648	26.454689	921.5883	816.3159	1000.0	1000.0	320000	8.103743	1.5958385	14.400659	-0.6678138	8.104054	1.5948102	14.959099	-0.011195183	-8.199147	0.6448406	1820.6420259475708
65	797.28595	36.45193	856.80634	744.35986	785.5614	62.07973	858.4294	669.2258	1000.0	1000.0	325000	8.143799	1.6006117	14.483223	-0.20903778	8.143751	1.6006669	14.65612	-0.54175043	-8.234664	0.6482798	1849.3117198944092
66	828.40967	80.32408	975.5491	744.54785	937.0405	29.010735	981.5919	894.4256	1000.0	1000.0	330000	8.221139	1.6009984	14.720051	1.1700587	8.221093	1.6007007	14.560985	-1.2221861	-8.3135395	0.65358096	1878.0299150943756
67	877.07196	37.763596	942.2544	835.0868	891.90234	23.551382	939.15875	855.8128	1000.0	1000.0	335000	8.298508	1.6104493	14.713913	0.072246075	8.298369	1.6104083	14.702671	1.1591983	-8.390311	0.64481336	1907.6177940368652
68	890.049	38.763947	948.9636	837.3602	796.1791	38.69611	853.5916	725.4556	1000.0	1000.0	340000	8.330707	1.6425937	14.335229	0.41655588	8.330751	1.6424472	15.2229805	0.45714474	-8.422348	0.65172726	1936.9187488555908
69	833.16504	52.736057	885.43036	767.6792	910.76855	28.494339	950.2168	866.55725	1000.0	1000.0	345000	8.403687	1.6482466	14.773237	0.63393164	8.40373	1.6481168	14.68815	0.8835583	-8.500098	0.64586014	1965.6425879001617
70	841.0592	11.758938	859.55994	823.3483	913.9053	35.592247	969.974	834.8516	1000.0	1000.0	350000	8.49	1.6352266	14.700988	0.8967471	8.490073	1.6348581	14.783846	0.71211624	-8.582421	0.6415947	1995.1867108345032
71	872.2202	86.09193	960.42566	749.90436	936.62286	36.531757	999.16876	894.8102	1000.0	1000.0	355000	8.554086	1.672517	14.70676	0.12029648	8.554271	1.6720481	15.054827	0.6452842	-8.646776	0.6507255	2024.2709069252014
72	871.0233	33.6521	915.3604	822.21704	984.48193	34.53985	1049.0144	941.7963	1000.0	1000.0	360000	8.597501	1.6660985	14.878254	1.0184441	8.597394	1.6659789	14.851992	0.59780455	-8.687521	0.65482754	2053.301862716675
73	862.24365	82.81043	955.63214	712.4454	816.08777	38.245895	887.8918	746.5402	1000.0	1000.0	365000	8.681907	1.6184044	14.695125	-0.77311134	8.682139	1.6178567	14.980921	0.8095007	-8.764987	0.6529664	2082.2463958263397
74	883.04834	55.357193	927.19366	777.30927	930.9338	38.045612	991.5032	873.308	1000.0	1000.0	370000	8.808448	1.6242135	15.738311	1.1275206	8.808522	1.623952	15.218631	-0.3826022	-8.898871	0.65235186	2111.9314539432526
75	826.5624	33.224102	865.4654	782.20844	905.229	49.25523	1003.87744	819.9773	1000.0	1000.0	375000	8.86476	1.6466446	15.149548	1.1441717	8.864737	1.6464211	15.155426	1.6430812	-8.952823	0.6474109	2140.7777988910675
76	906.8496	34.1316	948.26215	846.86865	804.4346	39.690876	877.6763	746.8235	1000.0	1000.0	380000	8.936538	1.6662813	15.535931	0.05591774	8.936438	1.6661202	15.718067	1.1254411	-9.033936	0.65122616	2169.744304895401
77	831.2401	51.060802	907.6678	773.4075	792.55457	65.44061	874.17633	671.52795	1000.0	1000.0	385000	9.016447	1.6798282	15.057388	0.010224819	9.016521	1.6794559	15.486048	0.4547429	-9.113503	0.6552589	2198.655735015869
78	916.21497	52.112564	1005.6204	859.9289	912.2015	53.47548	1012.2817	843.4154	1000.0	1000.0	390000	9.115685	1.6848401	15.593807	-0.03412199	9.115912	1.684272	15.858023	-1.1561537	-9.211065	0.6562122	2228.272795677185
79	835.7435	56.14051	923.2337	778.0884	863.5026	55.40923	953.6636	764.86316	1000.0	1000.0	395000	9.142768	1.7065841	15.548499	2.0207777	9.142716	1.7066098	15.686853	1.075469	-9.236254	0.66262674	2257.362258911133
80	882.6362	19.845087	918.73376	861.70654	853.08655	31.324965	901.71313	805.02454	1000.0	1000.0	400000	9.121647	1.7000959	15.804209	0.40873814	9.121553	1.700338	15.461927	1.4408274	-9.208852	0.66502345	2286.6238219738007
81	821.2438	57.166313	894.4053	749.61755	849.5363	45.53617	940.72565	786.56085	1000.0	1000.0	405000	9.149775	1.7043641	15.290646	0.116986275	9.14985	1.7039611	15.701826	0.61461973	-9.237686	0.6686397	2316.434541940689
82	848.6154	39.712772	899.30646	798.5716	793.5113	40.0461	877.1025	720.7479	1000.0	1000.0	410000	9.191205	1.725284	15.866754	-0.024860859	9.19124	1.7248127	15.414545	-0.18482304	-9.285664	0.6678888	2345.787816762924
83	817.92834	35.773205	883.89984	782.04785	913.2788	44.267586	982.1692	839.84985	1000.0	1000.0	415000	9.169278	1.7481189	15.235319	-0.18288994	9.169477	1.747727	15.478249	0.59938383	-9.260909	0.66474414	2375.114614009857
84	833.18585	102.4545	948.6447	672.01965	767.78394	47.874104	852.63464	671.80115	1000.0	1000.0	420000	9.17696	1.7625414	15.586885	0.83423233	9.176923	1.7619122	15.28883	0.8275552	-9.268727	0.68410456	2404.37997674942
85	805.894	60.721996	876.76105	720.15436	923.0853	43.76298	976.75684	842.514	1000.0	1000.0	425000	9.146274	1.765482	15.396269	-0.45631313	9.146455	1.7648894	15.488682	0.09807491	-9.2433	0.6873758	2433.593962907791
86	821.26776	55.52702	914.6587	748.6754	892.5467	55.583534	977.1402	814.0284	1000.0	1000.0	430000	9.094761	1.8122829	15.3747635	0.9977169	9.094824	1.8120122	15.492628	0.011965275	-9.195019	0.6851244	2474.055006980896
87	862.44275	29.745329	890.11395	811.68744	957.6776	58.77343	1027.1586	822.1842	1000.0	1000.0	435000	9.061846	1.81586	15.704465	1.2500682	9.061784	1.8155614	15.274303	1.3765697	-9.1661625	0.6848051	2512.2077898979187
88	843.78723	21.648668	876.24615	810.6768	902.25745	35.22029	975.7924	860.7637	1000.0	1000.0	440000	9.03713	1.8153305	15.630579	-1.2333975	9.037204	1.8152108	15.680636	1.1543174	-9.148181	0.6868698	2546.768522977829
89	862.0534	31.550247	901.6841	827.4693	808.583	64.05941	876.42737	666.6147	1000.0	1000.0	445000	9.018811	1.7925586	15.512974	0.4779315	9.018946	1.7924073	15.538708	0.20812798	-9.1325	0.6913772	2585.676424741745
