Epoch	AverageEpRet	StdEpRet	MaxEpRet	MinEpRet	AverageTestEpRet	StdTestEpRet	MaxTestEpRet	MinTestEpRet	EpLen	TestEpLen	TotalEnvInteracts	AverageQVals	StdQVals	MaxQVals	MinQVals	LossPi	LossQ	Time
1	-304.00272	63.374786	-185.13371	-371.84445	-389.66196	111.99267	-276.99518	-584.5983	1000.0	1000.0	5000	2.39647	2.6127079	16.185617	-3.6658294	-3.268804	0.41330138	40.926490783691406
2	-308.64673	34.631313	-255.56897	-346.57407	-552.85205	62.79585	-458.19153	-658.79065	1000.0	1000.0	10000	14.612092	6.8743567	40.310284	-2.1216404	-16.73719	2.103564	82.58184289932251
3	-562.6852	108.96243	-467.76956	-744.2871	-660.10596	18.413746	-626.6709	-688.86487	1000.0	1000.0	15000	37.10882	7.583015	66.7342	14.704049	-39.518692	5.7409296	127.11000490188599
4	-552.57043	27.106808	-511.57288	-595.402	-760.78125	15.320617	-738.5527	-788.79297	1000.0	1000.0	20000	46.868366	4.390916	66.33092	29.386211	-47.759064	6.124475	171.5201849937439
5	-480.36835	138.79248	-287.79373	-666.2303	-588.4962	189.43896	-247.00197	-858.11096	1000.0	1000.0	25000	45.20138	3.4863195	79.00887	32.44952	-46.095413	5.056659	216.1293430328369
6	-587.07556	94.659904	-500.93845	-768.07684	-305.82373	44.246365	-248.33064	-381.81433	1000.0	1000.0	30000	46.410458	4.8002706	75.74202	29.547346	-47.177418	5.5095124	261.008996963501
7	-234.37476	155.15036	62.800083	-381.17865	-785.71106	34.644184	-744.6796	-864.40125	1000.0	1000.0	35000	43.13294	4.4399447	71.36886	25.97697	-43.81068	4.492404	304.78732895851135
8	-469.5551	221.30818	-187.79329	-837.24457	-620.7728	180.90646	-171.1942	-773.3365	1000.0	1000.0	40000	39.51895	4.5626316	60.770645	24.322151	-39.997322	3.8909733	349.27544593811035
9	-327.8747	214.66843	34.250477	-609.79913	-93.28853	129.84486	116.620514	-314.27505	1000.0	1000.0	45000	34.710674	5.0958858	56.829185	17.910027	-35.08952	3.4038532	395.59661293029785
10	-40.43516	84.57654	123.747894	-119.86985	286.24005	150.57799	603.6149	54.433243	1000.0	1000.0	50000	30.82419	5.2366157	54.560524	15.316428	-31.332594	2.9963913	442.91235089302063
11	124.789505	281.7852	594.2939	-248.32446	413.94122	247.4838	790.0112	-39.534363	1000.0	1000.0	55000	29.116264	6.099035	63.81308	5.6820226	-29.699465	3.335661	488.71164298057556
12	402.51657	194.79375	601.1695	32.18004	626.8424	212.62782	1018.363	297.80716	1000.0	1000.0	60000	29.86916	8.578445	71.79351	7.608413	-30.600554	4.143601	536.3279139995575
13	707.19006	191.23732	915.7245	441.68936	757.51355	126.2712	885.7976	469.4293	1000.0	1000.0	65000	32.770695	11.826135	76.28468	6.666303	-33.628887	5.1073194	581.9705228805542
14	938.11884	147.4608	1137.4504	755.8106	693.3691	71.72319	811.91907	579.7483	1000.0	1000.0	70000	38.257164	15.431464	85.48264	-2.252386	-39.222176	6.8714876	627.9788579940796
15	705.42224	521.3049	1393.1074	-197.81679	685.696	245.11761	1140.7415	341.2639	1000.0	1000.0	75000	43.742012	18.424274	91.68324	5.397703	-44.66867	8.541486	674.2326438426971
16	1422.0217	341.57043	1880.2721	828.60895	1514.7041	317.50146	1860.5605	818.5413	1000.0	1000.0	80000	49.344284	21.510695	105.9729	3.8214736	-50.26095	10.426962	720.6143617630005
17	1490.3746	309.56204	1844.5786	971.0862	1564.635	375.2029	1861.6338	685.7954	1000.0	1000.0	85000	56.329304	25.13212	125.034134	8.868077	-57.414474	12.5977	772.0691959857941
18	1743.4873	232.08447	2185.5535	1528.9948	1240.2178	254.30098	1574.485	794.89526	1000.0	1000.0	90000	64.80684	28.41176	140.58846	5.3418913	-65.85412	15.656595	819.5873401165009
19	1802.4525	251.7181	2128.5847	1477.2996	1312.6727	558.28864	2368.1929	660.0795	1000.0	1000.0	95000	73.539566	31.388075	157.72725	-16.617437	-74.592735	20.414429	863.71156001091
20	1899.9893	225.14441	2223.1394	1637.3613	1833.4385	816.6119	2657.5735	476.61844	1000.0	1000.0	100000	81.5367	34.725075	171.84422	2.0017467	-82.53824	23.294321	908.9626829624176
21	1943.5605	439.9334	2406.46	1247.7368	2923.306	70.08461	3033.1494	2820.3135	1000.0	1000.0	105000	89.06881	38.220913	190.81204	9.461747	-90.29828	26.929153	953.4837770462036
22	1527.221	847.5928	2608.6677	363.0269	1050.4156	433.04694	1694.3647	457.40872	1000.0	1000.0	110000	97.703186	42.39543	203.96555	9.418731	-99.05641	32.430607	999.5889070034027
23	1507.0367	775.53766	2629.223	653.17896	1185.6072	873.82605	2801.5293	141.32683	1000.0	1000.0	115000	105.313835	47.477722	215.3096	2.0873122	-106.59145	35.82693	1045.8122758865356
24	1300.4299	1117.9902	2692.3044	151.73204	991.1196	789.46893	2623.1975	128.89792	1000.0	1000.0	120000	112.47477	52.509605	232.565	-19.893223	-113.5871	42.181232	1090.9966809749603
25	1406.724	1182.0012	2961.3228	-20.502918	2917.9663	125.65801	3168.4202	2695.6543	1000.0	1000.0	125000	117.7887	56.936806	236.81871	6.6814575	-118.922226	47.909184	1138.4789519309998
26	1916.8373	893.78156	2707.1716	392.74487	2849.3687	231.70474	3029.3035	2175.2844	1000.0	1000.0	130000	125.03414	61.37081	256.16632	-1.8374724	-126.13117	54.381638	1185.7463779449463
27	2412.336	600.7278	2813.698	1236.5381	2667.178	790.4798	3333.3472	444.91638	1000.0	1000.0	135000	132.51266	66.091324	278.77176	-33.63559	-133.59033	56.97307	1233.855034828186
28	1948.3945	1513.6521	3459.1477	-529.497	1014.026	602.5403	1938.3739	256.30682	1000.0	1000.0	140000	139.81993	69.93964	289.80927	-26.97134	-141.25528	64.27778	1282.7194240093231
29	1975.4941	1065.215	3469.0024	720.7776	1593.387	616.69574	2710.9214	897.0822	1000.0	1000.0	145000	146.2495	74.29835	272.99008	-24.93819	-147.24324	67.50893	1330.6178200244904
30	2265.0588	856.2853	3633.3237	1229.3839	1330.7375	492.1136	2315.654	645.36615	1000.0	1000.0	150000	153.78748	78.95149	290.66443	-41.50948	-154.91327	74.4257	1386.3071429729462
31	2445.4517	665.74994	3292.2856	1429.9591	3340.841	228.10289	3679.2395	2892.4678	1000.0	1000.0	155000	162.68721	83.202126	312.10455	-22.969824	-163.91887	83.71823	1438.2616341114044
32	2714.9707	453.58597	3234.0725	2101.3171	2537.5728	757.90936	3471.5173	930.91254	1000.0	1000.0	160000	169.21208	84.49764	364.9019	-33.798855	-170.46509	86.49311	1486.7827079296112
33	2976.7332	343.55655	3543.7378	2622.5208	3612.0417	82.14349	3725.6152	3470.9556	1000.0	1000.0	165000	176.82208	86.88238	346.79968	-2.0130467	-178.16023	89.27643	1535.0443398952484
34	3091.728	336.91833	3540.6504	2732.6807	3451.537	133.66684	3699.747	3275.9653	1000.0	1000.0	170000	185.22903	89.11484	342.7659	-0.24594975	-186.38866	95.20401	1583.3414888381958
35	2770.1636	468.70862	3336.594	2194.1528	3120.2676	229.41525	3461.2837	2670.954	1000.0	1000.0	175000	193.45721	91.35077	346.43066	-40.223434	-194.708	102.11528	1631.7009279727936
36	2577.4946	640.79016	3295.114	1517.9491	1770.6316	353.48636	2275.7883	1058.7039	1000.0	1000.0	180000	199.05478	93.374245	375.14563	-53.27199	-200.61023	101.49871	1679.7062001228333
37	2699.236	420.56403	2950.6753	1859.4305	1861.8707	378.20926	2337.8093	1161.4521	1000.0	1000.0	185000	204.70215	95.38914	390.0554	-31.988033	-206.50905	106.24694	1727.9367280006409
38	2698.8618	825.3495	3638.2551	1384.2115	2843.0232	1120.7546	3738.686	335.64044	1000.0	1000.0	190000	207.18683	95.64342	404.5178	-5.4339733	-208.4542	112.8488	1772.0069749355316
39	2872.163	320.5047	3285.8052	2367.7688	3563.7246	72.61592	3680.809	3453.6897	1000.0	1000.0	195000	211.32262	96.65219	394.9993	-34.98785	-212.50638	118.223076	1815.1484191417694
40	3310.1406	237.86028	3555.1729	2910.7126	3744.058	101.28241	3877.5366	3545.6196	1000.0	1000.0	200000	215.32521	98.346924	392.73166	-56.64133	-216.772	119.40118	1858.7802691459656
41	3051.3003	473.68472	3610.295	2422.04	3200.7568	487.61853	3599.8901	1807.9816	1000.0	1000.0	205000	220.2036	99.06625	431.19522	-10.233101	-221.6417	118.13714	1902.5684459209442
42	3367.9973	178.6066	3600.1707	3112.8452	2591.9094	681.80475	3257.4695	822.4811	1000.0	1000.0	210000	223.28935	99.760735	401.82913	-22.520885	-224.66843	119.2459	1946.1149168014526
43	1755.9232	1265.6141	3308.6836	431.7596	3319.972	139.58638	3593.3867	3117.0505	1000.0	1000.0	215000	226.45135	102.21827	444.3923	-41.214302	-227.6121	127.276	1989.9384059906006
44	2933.4329	768.4012	3563.246	1437.8402	2839.41	1059.9651	3789.8696	827.62256	1000.0	1000.0	220000	228.70361	103.61276	429.66486	-11.527956	-229.7725	127.633	2033.7719910144806
45	3456.1733	145.2326	3643.5364	3245.836	1649.4908	1019.3964	3069.7986	36.52914	1000.0	1000.0	225000	230.77538	104.382744	379.88544	-31.853039	-231.71735	127.59328	2077.5991430282593
46	2688.0054	858.411	3576.3481	1180.2155	3694.564	141.92383	4003.3206	3418.034	1000.0	1000.0	230000	233.98997	105.80323	406.97513	-82.592735	-235.3923	130.82338	2121.2238919734955
47	2811.1157	1171.1064	3636.6125	512.42267	3388.5847	220.76645	3639.4502	2833.542	1000.0	1000.0	235000	235.92418	107.619255	445.0129	-31.591452	-237.06712	131.81236	2165.0455219745636
48	3461.3862	153.82558	3754.2832	3304.386	3229.7114	189.4248	3518.373	2978.4407	1000.0	1000.0	240000	239.85165	108.76346	402.58478	-56.154423	-240.83748	141.52103	2208.771279811859
49	3299.1323	295.94904	3597.0596	2768.0686	2775.9663	142.73137	3033.7207	2565.1711	1000.0	1000.0	245000	243.7107	109.5478	393.7591	-6.238504	-244.4527	140.16693	2253.0572419166565
50	3116.0164	178.86452	3273.9802	2766.7576	3054.393	864.7568	3677.8193	532.253	1000.0	1000.0	250000	247.1927	110.8954	411.43927	-65.0304	-248.16885	142.64885	2297.0558779239655
51	3423.8777	93.57762	3593.8335	3327.1846	3224.0132	309.37936	3606.8237	2708.6692	1000.0	1000.0	255000	248.83817	110.915054	385.49283	-27.985023	-249.86694	143.4055	2341.255973815918
52	3019.4634	193.38667	3356.8933	2863.9348	2630.7642	134.59273	2790.5417	2396.848	1000.0	1000.0	260000	252.82709	112.01361	383.2256	-38.769745	-253.7742	145.52332	2385.5921459198
53	3109.5876	642.47095	3680.8533	2154.1445	3023.809	728.1119	3533.7637	1445.9606	1000.0	1000.0	265000	254.91034	112.24302	395.15283	-73.110306	-255.76962	146.1452	2429.684762954712
54	2832.354	420.52704	3163.309	2003.0973	3496.1575	125.00834	3615.897	3211.5398	1000.0	1000.0	270000	257.32394	112.290115	418.93512	-19.565964	-258.58417	150.58258	2473.8019981384277
55	3178.9592	228.69333	3554.3955	2832.462	3564.675	157.03374	3753.5854	3226.1948	1000.0	1000.0	275000	260.576	112.505844	426.97894	-6.2319126	-261.4472	146.26018	2524.3904099464417
56	3154.0547	336.41867	3702.985	2688.6328	3392.3198	145.57391	3619.031	3132.3823	1000.0	1000.0	280000	264.10312	112.560265	412.314	-16.589428	-265.09293	149.21886	2573.9315888881683
57	3049.1672	368.1449	3369.9934	2377.4656	2642.7947	828.0795	3383.3113	245.38239	1000.0	1000.0	285000	267.28482	112.01632	434.96994	-17.075388	-268.57468	156.2883	2623.1714968681335
58	3313.004	230.9805	3590.7139	2938.3635	3350.095	226.44472	3709.24	2873.9985	1000.0	1000.0	290000	270.2231	112.06414	433.0307	-59.346806	-271.6527	155.95575	2668.829316854477
59	3148.5894	403.96948	3530.2695	2429.9458	3635.5547	80.38993	3837.7192	3544.4094	1000.0	1000.0	295000	271.66965	110.77206	418.41882	-33.91386	-272.7373	160.92027	2714.119374036789
60	2868.5835	544.8714	3568.9246	2108.0938	2800.105	268.13693	3221.8787	2240.5125	1000.0	1000.0	300000	274.68338	111.16146	393.11362	-85.1907	-275.43423	167.07974	2758.0457179546356
61	3021.2163	227.97995	3338.2964	2701.5447	2580.8274	288.40588	3092.6353	2031.9434	1000.0	1000.0	305000	275.98135	109.90494	397.28952	-10.993484	-276.82895	162.75494	2802.9630029201508
62	3222.7512	225.6503	3555.3564	2963.1294	3683.7793	121.09045	3930.5024	3545.4504	1000.0	1000.0	310000	276.2187	109.94866	392.8005	-48.114075	-276.91376	151.75647	2847.7885870933533
63	3459.9106	97.86547	3597.5947	3337.5125	3553.3562	169.10245	3700.9678	3247.6033	1000.0	1000.0	315000	277.1216	110.40402	392.7845	-48.734226	-278.2306	162.2466	2897.748011112213
64	3287.7427	387.92166	3549.1843	2517.9587	3483.3796	79.27799	3630.0244	3383.4395	1000.0	1000.0	320000	276.17706	109.52394	420.3927	-75.444115	-277.43176	154.66537	2943.741353034973
65	3353.295	266.04633	3654.5586	2946.121	3410.3066	125.835075	3734.3237	3270.2341	1000.0	1000.0	325000	277.08038	109.87087	422.3427	-113.239395	-277.9224	157.59077	2997.0351078510284
66	3293.8887	379.6022	3606.4763	2578.071	3198.9885	103.91545	3345.859	2957.2817	1000.0	1000.0	330000	278.76013	109.187195	446.20966	-27.169985	-279.87833	164.53954	3048.481111049652
67	3228.4597	304.53513	3664.3936	2803.2058	3645.3735	107.29593	3841.0857	3433.7637	1000.0	1000.0	335000	279.36496	107.92894	454.45102	-35.997215	-280.40216	156.85155	3097.8829078674316
68	3355.1028	375.06824	3724.9966	2673.0403	3442.8594	84.59685	3600.0044	3316.5034	1000.0	1000.0	340000	280.62546	106.63393	408.10056	-58.350857	-281.6679	160.32027	3152.1974918842316
69	3314.0833	294.2301	3633.717	2796.5117	2881.033	186.73776	3194.0166	2535.2327	1000.0	1000.0	345000	280.08044	106.06489	507.2194	-21.457947	-281.07324	152.49547	3204.357388973236
