Epoch	AverageEpRet	StdEpRet	MaxEpRet	MinEpRet	AverageTestEpRet	StdTestEpRet	MaxTestEpRet	MinTestEpRet	EpLen	TestEpLen	TotalEnvInteracts	AverageQ1Vals	StdQ1Vals	MaxQ1Vals	MinQ1Vals	AverageQ2Vals	StdQ2Vals	MaxQ2Vals	MinQ2Vals	LossPi	LossQ	Time
1	-297.6059	52.674675	-227.45425	-365.57965	-582.7482	1.1954948	-580.9824	-584.4104	1000.0	1000.0	5000	0.7847152	2.4624248	14.963862	-8.01125	0.78469026	2.4623792	14.622713	-8.09006	-1.4164131	0.38293824	40.842297077178955
2	-248.89848	50.669315	-181.1938	-331.78284	-589.935	44.960205	-530.0222	-666.89386	1000.0	1000.0	10000	7.7319665	6.1807036	34.720055	-7.9183526	7.7316923	6.179	34.213173	-8.493945	-9.984123	1.4100682	84.6970522403717
3	-395.58322	92.071465	-227.09476	-490.19904	-453.69946	328.3299	447.07617	-781.7013	1000.0	1000.0	15000	17.419413	10.963221	55.06598	-4.5292845	17.418982	10.962887	56.227848	-5.790183	-19.524107	2.3689675	132.4687581062317
4	-114.39198	270.44794	398.97998	-371.60727	98.65726	542.04724	1362.2622	-462.49728	1000.0	1000.0	20000	17.293505	15.233538	70.629364	-8.002233	17.292683	15.233259	72.59421	-7.7962623	-18.490614	2.2230263	178.31633925437927
5	1297.0609	959.18567	2452.1648	-94.59433	778.51135	760.4359	2587.0847	-84.65833	1000.0	1000.0	25000	21.41629	23.504665	115.62986	-9.416359	21.415796	23.503819	114.75007	-9.640665	-22.915325	3.9341486	223.049467086792
6	2286.1597	839.5707	3223.736	1115.6827	1477.4117	977.0674	3231.5571	13.777858	1000.0	1000.0	30000	36.828148	38.358067	143.98024	-10.207007	36.827488	38.356842	146.1316	-10.185397	-38.618805	7.805186	266.4895911216736
7	2537.9692	825.68994	3639.7996	1482.3202	1685.5066	1631.7876	4316.0776	237.28328	1000.0	1000.0	35000	52.56558	51.96518	176.69733	-12.117554	52.56523	51.96475	178.24658	-11.113881	-54.702156	11.956161	310.36816930770874
8	2398.8767	1354.287	4086.0532	702.74536	3443.1216	1459.9075	4426.5347	224.76273	1000.0	1000.0	40000	67.714294	65.26643	209.56245	-12.279898	67.71383	65.26563	210.72368	-12.617587	-69.89224	16.451237	360.39818716049194
9	4090.0242	161.31877	4226.778	3791.119	4210.447	705.382	4667.0703	2151.3054	1000.0	1000.0	45000	90.7751	79.29412	238.83173	-13.69143	90.7749	79.29305	237.6086	-13.900584	-92.964806	20.336933	411.63687229156494
10	4484.1655	42.484875	4537.8213	4422.6494	4145.64	108.153854	4321.682	4019.0615	1000.0	1000.0	50000	115.12561	91.177574	259.67975	-13.742258	115.125175	91.17623	258.6438	-14.987883	-117.7119	20.499384	461.3909511566162
11	4491.391	166.7587	4685.561	4189.4634	4751.352	97.26368	4854.691	4516.98	1000.0	1000.0	55000	138.65001	100.32959	278.70004	-15.062074	138.64966	100.32818	277.24268	-19.848194	-141.23924	20.915668	512.2108840942383
12	4712.563	172.96536	5031.9478	4550.1646	2759.4426	1600.7145	4565.5195	279.89075	1000.0	1000.0	60000	160.90424	108.00254	310.26053	-14.063813	160.90424	108.00089	310.93753	-23.230045	-163.23065	20.480219	561.5623211860657
13	4551.581	390.92108	4987.6265	3821.1306	5211.987	143.95131	5428.166	4924.557	1000.0	1000.0	65000	181.57887	114.02921	329.00882	-13.457218	181.57898	114.026886	329.70337	-16.335516	-184.00398	24.733343	612.9686901569366
14	4717.127	225.2471	5066.09	4460.801	5182.5903	134.66653	5307.1255	4981.4937	1000.0	1000.0	70000	201.49287	118.92123	346.60226	-14.354948	201.4927	118.92042	348.46027	-14.366319	-203.99815	26.28065	665.2418532371521
15	5211.777	220.5422	5521.1553	4860.0444	5745.5884	85.24014	5918.3584	5608.188	1000.0	1000.0	75000	219.31126	123.84267	367.29883	-11.792295	219.31091	123.8425	367.1272	-13.127264	-221.7609	30.309175	716.9908311367035
16	5288.6226	171.47371	5526.542	5092.2705	5695.8438	47.65116	5770.719	5599.831	1000.0	1000.0	80000	237.16982	128.20522	388.2554	-9.955177	237.1696	128.20448	388.4229	-14.007858	-239.79692	31.563559	764.9188799858093
17	5509.639	162.72243	5660.982	5206.586	5633.245	76.87555	5750.085	5468.1807	1000.0	1000.0	85000	254.69533	132.22304	401.9072	-20.148785	254.69493	132.22252	402.31497	-13.597938	-257.24045	32.926895	816.9471900463104
18	5664.218	206.2577	5902.714	5373.9595	5753.2666	105.75534	5956.161	5541.555	1000.0	1000.0	90000	271.33936	135.97348	419.57922	-21.75798	271.33862	135.97327	418.89612	-37.58492	-273.9398	33.004036	869.1789140701294
19	5751.2803	294.2084	6194.1826	5309.3374	5703.126	1212.847	6222.112	2073.5803	1000.0	1000.0	95000	287.72357	139.52692	438.2518	-17.646263	287.72293	139.52675	439.14603	-24.289133	-290.4904	35.320396	919.300311088562
20	5991.4287	183.50558	6240.17	5755.0586	5805.567	63.81741	5897.064	5697.3765	1000.0	1000.0	100000	304.07733	142.75842	455.25854	-23.044844	304.07687	142.75858	459.49954	-22.266748	-306.8708	36.95682	969.8925521373749
21	6083.5728	223.36588	6316.29	5702.6543	6627.9326	110.961655	6799.996	6414.8574	1000.0	1000.0	105000	319.952	145.2244	472.09866	-25.446505	319.95154	145.22375	472.9101	-25.357975	-322.7185	37.912914	1022.6740930080414
22	5917.4937	389.9548	6305.9937	5263.4307	5804.613	77.96657	5914.318	5638.8677	1000.0	1000.0	110000	334.64508	147.97086	488.32547	-26.92333	334.64496	147.97034	486.6693	-40.078365	-337.33633	41.655464	1075.1290953159332
23	6035.591	286.12357	6433.0103	5570.7085	5902.0557	344.0662	6277.6973	5120.0664	1000.0	1000.0	115000	348.53082	149.94153	498.97696	-24.737457	348.53027	149.94153	497.8735	-23.21301	-351.29828	42.801346	1127.9317121505737
24	6185.1597	203.21997	6538.135	5957.0117	6584.004	147.98659	6735.4014	6210.6865	1000.0	1000.0	120000	361.9146	151.53268	511.03293	-35.29972	361.91425	151.53284	510.6422	-50.732925	-364.6226	45.42826	1181.9479532241821
25	6337.159	230.95874	6658.057	5970.7817	6769.925	59.852463	6854.5103	6657.021	1000.0	1000.0	125000	374.331	152.79965	524.9948	-31.14777	374.33023	152.79921	518.54834	-27.11544	-376.8	44.056	1245.3831541538239
26	6281.278	278.42853	6583.548	5756.251	6947.954	54.96604	7008.6016	6851.4277	1000.0	1000.0	130000	385.61176	154.8936	531.2533	-35.55336	385.61145	154.89255	530.2636	-41.251266	-388.07306	43.557037	1314.424523115158
27	6569.4873	138.24097	6741.367	6395.554	6752.8438	103.02121	6904.5845	6554.6196	1000.0	1000.0	135000	397.0516	155.51675	538.6667	-33.22592	397.05087	155.5164	539.8356	-52.572212	-399.43335	43.671246	1373.0907611846924
28	6565.796	73.19686	6651.007	6471.642	6868.259	133.65036	7059.8984	6632.3276	1000.0	1000.0	140000	407.0667	156.91232	548.2394	-32.324726	407.06625	156.9123	550.13434	-30.42918	-409.8152	42.938374	1429.9946401119232
29	6540.0117	110.00842	6719.083	6402.3257	6939.397	136.78392	7140.8647	6583.1177	1000.0	1000.0	145000	417.6993	156.5656	557.92883	-50.66059	417.69922	156.56444	559.3853	-45.373413	-420.0577	42.92292	1490.0591459274292
30	6571.297	87.951416	6716.1597	6463.5303	6850.819	144.54747	7090.645	6635.047	1000.0	1000.0	150000	427.22644	156.08101	564.5564	-41.225876	427.22568	156.08032	564.89545	-70.2957	-429.3284	44.053284	1550.4237632751465
31	6599.1367	205.94336	6878.0435	6300.943	6951.4795	729.6176	7416.804	4831.4165	1000.0	1000.0	155000	435.31488	156.72118	574.12036	-16.291126	435.31448	156.72066	574.5248	-22.495504	-437.8683	44.50177	1610.1243650913239
32	6609.3857	192.27156	6863.1704	6343.088	7060.1045	179.76228	7322.1455	6758.96	1000.0	1000.0	160000	443.55548	156.59978	579.20575	-34.14193	443.55518	156.599	580.97015	-38.359077	-446.087	46.083733	1667.3785421848297
33	6740.5444	131.2491	6942.421	6563.073	7128.4546	82.580086	7267.7866	7012.876	1000.0	1000.0	165000	451.81232	156.51846	587.3738	-55.6355	451.81195	156.51767	585.79095	-41.997078	-454.47916	44.690067	1724.0507850646973
34	6685.1396	117.988106	6855.109	6538.2	7080.5635	109.46342	7185.291	6804.0327	1000.0	1000.0	170000	458.72604	157.51155	590.8002	-45.86555	458.72592	157.51085	596.5674	-28.097618	-461.3202	44.06256	1784.2151112556458
35	6846.5327	117.95501	6962.479	6631.117	7239.939	122.29995	7447.0786	7004.1196	1000.0	1000.0	175000	466.1877	157.79353	597.3134	-16.067831	466.18777	157.79214	595.8665	-35.106487	-468.45984	45.337727	1841.9161472320557
36	6843.663	154.1299	6989.4214	6595.307	7005.3853	162.4303	7215.613	6610.412	1000.0	1000.0	180000	473.11716	157.27434	605.319	-27.59836	473.11642	157.27437	604.8604	-29.147135	-475.6226	46.063595	1899.707524061203
37	6922.513	55.266243	6987.977	6828.0312	7140.6313	145.15598	7400.581	6869.6475	1000.0	1000.0	185000	479.7307	157.0632	612.27386	-15.673415	479.73038	157.06285	609.0507	-17.678347	-482.27765	47.447163	1949.7600450515747
38	7057.2007	67.08338	7131.6543	6932.265	7215.1353	97.16869	7402.095	7053.094	1000.0	1000.0	190000	485.78363	157.28554	621.4546	-13.700868	485.78287	157.28595	616.2092	-45.110966	-488.2974	46.38533	1998.6286571025848
39	7124.323	111.14123	7228.8755	6915.4185	7098.5366	98.87282	7235.9277	6925.1436	1000.0	1000.0	195000	492.0923	156.9727	622.14703	-24.770475	492.09198	156.97192	622.8377	-24.804382	-494.7914	45.35085	2047.6851561069489
40	7013.7515	120.35616	7174.3545	6812.6475	7712.142	89.42631	7879.8647	7567.389	1000.0	1000.0	200000	498.59656	156.12767	627.12683	-30.174526	498.5958	156.12843	625.77924	-20.061275	-501.0673	44.10227	2093.2356112003326
41	7179.8623	96.34279	7329.767	7065.695	7498.9756	196.15807	7726.6733	7018.3296	1000.0	1000.0	205000	504.22046	155.65854	632.714	-15.71995	504.22034	155.65726	634.3541	-22.714281	-506.5174	44.273857	2137.716289997101
42	7262.4326	188.01627	7439.3545	6999.4507	7398.332	139.1986	7692.606	7120.1177	1000.0	1000.0	210000	510.08533	155.39725	637.904	-29.763155	510.0845	155.39767	637.34717	-25.589378	-512.7171	44.8842	2182.258285045624
43	7068.362	106.6816	7188.0093	6943.225	7559.038	89.50244	7705.5474	7423.642	1000.0	1000.0	215000	515.3355	155.32585	640.614	-39.786217	515.3352	155.32635	642.4513	-20.70479	-517.6302	43.469776	2228.827440261841
44	7198.543	160.89279	7437.8525	7013.5923	7373.6	113.59281	7547.726	7225.2104	1000.0	1000.0	220000	520.2145	155.42528	648.0383	-20.87062	520.21436	155.4247	651.9228	-9.492898	-522.75055	43.838955	2276.153903245926
45	7155.7563	192.49316	7367.97	6877.534	7505.3345	97.78783	7673.2373	7369.4805	1000.0	1000.0	225000	525.91943	154.77724	655.8853	-31.223389	525.91907	154.7762	660.26294	-30.310205	-528.2541	44.08466	2324.4125549793243
46	7233.4478	263.25754	7589.4824	6775.0864	7707.3154	51.601276	7786.2104	7625.342	1000.0	1000.0	230000	530.45386	154.61403	657.5274	-23.231249	530.45404	154.61328	656.17426	-27.066206	-532.6523	44.527943	2374.215640068054
47	7273.3813	55.73633	7306.946	7162.3643	7660.663	79.21436	7786.658	7545.141	1000.0	1000.0	235000	535.66125	153.2655	659.836	-15.498975	535.66064	153.26651	667.12555	-27.834908	-538.10895	44.00411	2427.0185012817383
48	7263.6797	84.156296	7357.334	7110.4204	7757.5103	37.63696	7824.65	7688.402	1000.0	1000.0	240000	539.8616	153.36275	662.84827	-55.835228	539.8614	153.3618	669.44354	-22.251602	-542.0208	42.48314	2479.850331068039
49	7212.725	311.29202	7536.3755	6642.176	7745.743	127.92145	7939.1274	7566.038	1000.0	1000.0	245000	544.1429	153.39357	665.9751	-44.21845	544.143	153.39384	674.4238	-23.5375	-546.3457	40.35066	2533.2021429538727
50	7419.573	128.45193	7588.0283	7271.8086	7814.618	67.91417	7943.8545	7704.4634	1000.0	1000.0	250000	548.279	153.10707	673.4792	-35.65425	548.27795	153.10739	675.576	-24.430058	-550.1894	40.257042	2580.5933351516724
51	7388.1416	170.06464	7584.1523	7095.038	7948.409	141.9151	8208.502	7657.108	1000.0	1000.0	255000	552.20734	152.33041	673.56256	-23.251856	552.2074	152.33078	677.0024	-28.122957	-554.346	41.4665	2628.0124361515045
52	7467.216	173.59697	7780.481	7295.491	7695.1533	81.86192	7794.9326	7535.978	1000.0	1000.0	260000	556.40106	152.45842	677.6663	-37.84896	556.4008	152.45741	679.134	-54.99979	-558.6996	40.617504	2675.1082961559296
53	7403.7407	152.87215	7544.4883	7133.9478	7501.815	247.57347	7785.3833	6860.451	1000.0	1000.0	265000	560.41504	151.709	681.553	-26.576927	560.415	151.70901	683.1637	-37.161224	-562.4317	41.62971	2720.7232670783997
54	7222.065	432.38583	7592.7163	6405.4385	7990.492	92.96264	8172.647	7852.5664	1000.0	1000.0	270000	564.32043	151.00247	685.5444	-21.137405	564.3205	151.00253	684.6414	-43.086506	-566.1354	41.813576	2762.8247323036194
55	7508.871	163.92087	7690.1147	7199.3364	8010.7046	104.25231	8222.712	7882.053	1000.0	1000.0	275000	567.8976	150.47557	686.8918	-24.638975	567.8971	150.47551	686.8946	-24.65736	-569.928	42.791405	2810.356947183609
56	7536.211	176.87726	7744.5454	7233.252	7772.7275	189.17532	7960.814	7285.784	1000.0	1000.0	280000	571.414	150.25552	689.1259	-30.483902	571.4144	150.2548	692.19336	-56.70574	-573.5752	41.005833	2858.138202190399
57	7478.4663	168.50174	7656.263	7184.668	7794.621	114.3569	7919.858	7538.9995	1000.0	1000.0	285000	574.76807	149.54962	696.4607	-34.373154	574.7677	149.54936	693.5523	-36.63392	-577.1042	42.057133	2905.4986691474915
58	7441.655	165.99152	7634.898	7154.124	7896.4365	156.13104	8153.8677	7707.988	1000.0	1000.0	290000	578.2939	148.32726	697.90137	-17.771362	578.29376	148.32678	697.3736	-8.399094	-580.66284	40.8921	2954.264122247696
59	7534.431	168.08844	7807.44	7307.167	7993.671	108.32176	8180.8486	7866.385	1000.0	1000.0	295000	581.1829	148.6731	698.3737	-28.818193	581.18243	148.67372	699.7535	-29.987415	-583.41327	40.37408	3001.613186120987
60	7562.035	207.01988	7783.2896	7232.2153	7713.806	144.20047	7987.0615	7464.8384	1000.0	1000.0	300000	584.2004	148.51424	701.1713	-74.111145	584.20013	148.51405	700.7719	-51.185745	-586.57263	41.513767	3048.739307165146
61	7512.6885	241.23383	7830.2554	7089.509	7963.3057	87.56403	8072.5703	7824.534	1000.0	1000.0	305000	587.0394	147.72617	702.6509	-16.508026	587.0388	147.72583	702.5237	-28.460686	-589.14905	40.818363	3098.4381580352783
62	7377.2217	504.9395	7919.0537	6432.837	8104.8345	141.70139	8312.267	7859.924	1000.0	1000.0	310000	589.99194	146.74411	704.1036	-25.466866	589.9921	146.74374	706.9959	-16.369778	-592.52905	41.466824	3149.2984549999237
63	7550.2764	236.15791	7897.4136	7265.242	7957.509	104.30839	8080.69	7760.6523	1000.0	1000.0	315000	592.21173	147.02676	707.3121	-16.436916	592.2116	147.02647	709.60187	-8.561129	-594.22345	39.692757	3198.2763011455536
64	7604.051	343.18616	7933.009	6956.696	7922.3	107.55012	8054.302	7693.6313	1000.0	1000.0	320000	595.0994	146.06174	708.2531	-44.98536	595.0993	146.06128	708.92474	-51.12528	-596.8784	40.322964	3243.9981400966644
65	7603.46	71.92497	7725.0654	7526.46	7854.9775	83.053276	7976.6904	7707.1367	1000.0	1000.0	325000	597.47516	146.477	715.8249	-32.28966	597.4753	146.4761	713.46655	-49.763927	-599.6058	41.72865	3291.4286630153656
66	7612.2666	144.90166	7752.685	7394.6895	8254.487	114.06159	8446.356	8064.663	1000.0	1000.0	330000	599.80554	146.36812	715.3652	-27.516418	599.8054	146.36844	715.76874	-29.342012	-601.99426	41.26775	3343.3245832920074
67	7813.7397	74.486534	7951.4517	7739.2407	8235.424	87.77393	8360.747	8069.9272	1000.0	1000.0	335000	601.6723	146.59541	716.5587	-65.05073	601.6724	146.59393	719.84296	-57.852833	-603.5265	41.132977	3396.230212211609
68	7815.3228	169.64017	8076.0923	7545.8525	8057.954	94.625465	8230.025	7919.9204	1000.0	1000.0	340000	604.06854	146.48544	718.0662	-49.253998	604.0686	146.48538	719.9559	-59.75954	-606.3292	40.2146	3446.0932672023773
69	7605.3867	207.52226	7841.2983	7293.1235	8112.319	86.68377	8273.396	7998.616	1000.0	1000.0	345000	606.17377	145.95232	721.1149	-88.17383	606.1738	145.95079	723.92365	-95.2321	-608.32874	39.787235	3494.340758085251
70	7617.143	290.26047	7866.832	7092.5386	8231.839	123.82426	8417.273	7967.0103	1000.0	1000.0	350000	608.7504	144.23305	721.94403	-21.965778	608.75037	144.23256	724.1593	-18.303263	-610.74066	41.046104	3542.9814410209656
71	7750.0093	125.271225	7962.4224	7578.7314	8011.7993	177.22868	8358.46	7720.1196	1000.0	1000.0	355000	610.46655	144.55647	722.14166	-29.121508	610.4663	144.5557	723.2201	-26.775017	-612.4232	42.142857	3590.424734354019
72	7770.8545	137.4313	7990.782	7571.428	8241.15	71.793755	8345.391	8128.4565	1000.0	1000.0	360000	612.3723	144.44221	724.0402	-55.272255	612.3723	144.44199	723.0133	-46.94229	-614.6574	42.24104	3640.915598154068
73	7766.198	80.196236	7849.237	7618.0195	8320.488	100.08132	8516.793	8152.151	1000.0	1000.0	365000	614.1987	144.29181	724.3128	-59.238453	614.1984	144.2921	728.7446	-49.888638	-616.1183	43.314327	3691.065178155899
74	7802.318	148.04492	7957.4663	7545.581	8261.824	162.72496	8515.793	8040.952	1000.0	1000.0	370000	616.4993	142.40706	727.5162	-25.123629	616.49896	142.40671	725.0351	-31.621881	-618.5402	42.775257	3739.7592821121216
75	7810.5186	96.958015	7909.78	7654.035	7956.682	105.171234	8178.739	7752.9473	1000.0	1000.0	375000	618.22925	142.64697	727.62604	-26.816479	618.22943	142.64616	729.19714	-35.863415	-619.8991	40.263813	3791.317775249481
76	7728.715	139.52747	7863.334	7486.6216	8174.828	104.8406	8307.239	8008.1147	1000.0	1000.0	380000	620.9725	141.04579	728.6996	-36.198505	620.9723	141.04558	729.95953	-41.40746	-622.8753	42.1669	3844.7534811496735
77	7831.4624	99.13745	7951.9277	7689.8994	8227.711	53.30036	8339.475	8128.27	1000.0	1000.0	385000	622.30066	141.1701	730.86127	-56.56659	622.3007	141.16861	730.5728	-56.59248	-624.64233	42.889584	3892.145554304123
78	7807.307	173.53671	8113.039	7613.7173	7940.4814	84.759224	8061.8843	7796.6494	1000.0	1000.0	390000	624.0904	140.71768	734.07104	-56.22512	624.0899	140.71829	733.8757	-49.49414	-626.053	42.481716	3937.307519197464
79	7648.659	153.81215	7779.869	7367.7104	7997.1304	107.11063	8151.3228	7837.53	1000.0	1000.0	395000	625.56464	140.78183	734.6345	-62.288456	625.5645	140.7809	733.6638	-64.31556	-627.7675	40.97778	3981.971002101898
80	7739.462	221.90143	8088.26	7515.814	8312.279	117.12016	8544.672	8083.266	1000.0	1000.0	400000	627.0546	140.15965	744.14355	-77.96923	627.0542	140.15973	744.98303	-66.95744	-628.8938	40.508606	4024.665884256363
81	7971.703	55.06745	8041.41	7885.9365	8422.153	30.710903	8487.235	8375.473	1000.0	1000.0	405000	628.5842	139.57869	736.1941	-45.850372	628.5841	139.57755	734.1002	-40.164326	-630.7877	41.17222	4067.0717871189117
82	7928.462	131.39062	8071.984	7687.913	8017.2944	230.82253	8299.948	7515.083	1000.0	1000.0	410000	630.2633	139.12233	736.7394	-51.283978	630.26337	139.12117	736.6187	-28.580204	-632.5196	40.630337	4111.223349094391
83	7991.2705	161.79456	8149.5654	7689.973	8053.5156	425.33344	8376.724	6816.0337	1000.0	1000.0	415000	632.2566	138.4552	741.4069	-73.8091	632.25665	138.45491	742.0029	-80.26906	-634.0517	42.818954	4157.820114135742
84	7926.168	108.93565	8098.915	7809.374	8228.549	135.20454	8377.844	7925.508	1000.0	1000.0	420000	633.8397	137.63141	742.4755	-77.51256	633.8391	137.63101	743.1046	-81.678604	-635.8589	40.959667	4208.008188247681
85	7761.5244	104.67932	7892.8784	7633.645	8377.002	54.05662	8465.815	8293.601	1000.0	1000.0	425000	635.3585	137.95474	743.3284	-33.646698	635.35834	137.95479	743.956	-33.285915	-637.3041	41.56224	4260.261837005615
86	7655.425	345.05594	7941.089	7068.469	8371.182	109.04672	8551.906	8182.958	1000.0	1000.0	430000	637.01624	136.75002	744.1523	-31.654089	637.0161	136.7494	747.7639	-17.25692	-638.9313	41.41994	4311.6632351875305
87	8025.05	90.551315	8150.0615	7901.3013	7410.241	66.59586	7553.544	7284.9814	1000.0	1000.0	435000	638.5679	135.8568	744.78516	-72.509636	638.5679	135.85437	746.56903	-41.438747	-640.30066	44.35865	4362.277488231659
88	7837.909	260.96655	8058.195	7371.7524	8292.799	118.63738	8573.502	8083.5586	1000.0	1000.0	440000	639.87585	136.35892	751.30475	-78.939095	639.87573	136.35818	756.9876	-104.42543	-641.8824	43.76954	4412.590134143829
89	7980.061	80.82552	8087.5874	7889.166	8371.947	101.6638	8564.1875	8264.719	1000.0	1000.0	445000	641.101	136.76399	755.1681	-57.45247	641.10126	136.76357	754.597	-57.929607	-642.7052	44.998344	4464.250846147537
90	7989.825	175.07071	8203.391	7765.0044	8119.4688	961.2887	8771.302	5289.1113	1000.0	1000.0	450000	642.42365	136.32527	752.83844	-76.31906	642.4237	136.32349	753.6983	-86.739525	-644.3835	43.873257	4513.823283195496
91	7980.5913	201.35127	8285.218	7721.157	8500.295	169.4807	8709.156	8168.5923	1000.0	1000.0	455000	643.77765	136.20422	755.8812	-60.167984	643.7779	136.20364	756.2995	-67.31812	-645.5936	44.174706	4564.257653951645
92	8025.1562	61.516457	8086.214	7920.1597	8601.064	116.883026	8799.972	8395.713	1000.0	1000.0	460000	644.9579	136.18411	754.9203	-79.343575	644.9575	136.18294	755.06494	-89.197334	-646.8996	44.03002	4614.626871109009
93	7869.8813	258.0494	8206.181	7534.377	8391.76	91.89756	8613.986	8261.375	1000.0	1000.0	465000	646.04913	136.69383	756.5988	-101.79646	646.04926	136.69214	756.7621	-105.36997	-647.8659	45.51445	4663.785982370377
94	7815.5312	400.17804	8305.593	7095.4185	8640.602	75.7375	8786.194	8537.32	1000.0	1000.0	470000	647.1035	136.69177	756.9644	-100.9105	647.1034	136.69125	755.36566	-78.93769	-648.9811	45.457718	4712.913555145264
95	7964.8687	166.94087	8115.562	7647.6436	8427.5205	76.71628	8568.43	8295.556	1000.0	1000.0	475000	647.769	136.64365	758.45123	-83.13037	647.7691	136.64333	758.5922	-115.70211	-649.6651	44.72835	4762.376287937164
96	7972.036	121.929825	8138.67	7819.4155	8385.776	143.89268	8616.075	8153.0093	1000.0	1000.0	480000	648.96	136.42105	757.8516	-101.694405	648.96	136.4203	757.0091	-83.2851	-650.6617	43.676308	4817.804690122604
97	8134.388	168.91275	8319.72	7820.6455	8582.964	114.3846	8841.2705	8454.51	1000.0	1000.0	485000	649.73785	136.38933	757.96124	-74.275764	649.73785	136.38902	758.8298	-80.695816	-651.4925	42.828632	4872.081363201141
98	8054.9287	273.72458	8291.631	7528.0933	7870.164	184.32777	8094.083	7479.2837	1000.0	1000.0	490000	650.5165	136.90172	768.4135	-62.83133	650.51636	136.9014	769.809	-90.93048	-652.2412	44.48601	4919.604526042938
99	6826.522	2277.289	8249.675	2305.5369	8490.291	133.79654	8743.499	8295.198	1000.0	1000.0	495000	650.91876	137.36913	767.875	-67.07322	650.919	137.36696	767.2898	-54.471672	-652.8711	45.665493	4964.006364107132
100	8036.9014	175.21144	8247.022	7797.849	8615.934	62.618603	8710.552	8514.701	1000.0	1000.0	500000	651.8025	137.34161	768.1511	-107.95071	651.80237	137.34067	768.1072	-187.15022	-653.6688	46.430637	5013.523342132568
101	8333.328	115.5452	8419.495	8111.9043	8595.834	77.87213	8761.472	8510.975	1000.0	1000.0	505000	652.8678	136.95427	768.2013	-186.50089	652.86743	136.95485	768.27057	-261.4428	-654.9814	46.649837	5063.085326194763
102	8146.6865	168.86888	8415.888	7890.701	8604.404	84.30433	8708.106	8439.85	1000.0	1000.0	510000	653.5134	137.96002	769.17065	-574.2692	653.51337	137.95738	770.3403	-574.2413	-655.3529	46.427513	5110.473805189133
103	8093.0366	146.01324	8316.886	7920.8486	7923.672	99.29036	8081.041	7758.8965	1000.0	1000.0	515000	654.55133	137.17172	768.2289	-912.6441	654.55115	137.16994	770.6047	-832.04297	-656.11096	50.03585	5154.606863260269
104	8024.724	191.09138	8270.563	7682.6914	8613.752	143.46375	8872.093	8410.3	1000.0	1000.0	520000	655.7439	137.05118	767.64185	-653.14825	655.7436	137.05052	767.62964	-714.2932	-657.67267	46.12199	5201.889773130417
105	8087.5635	235.40771	8314.056	7706.9927	8760.873	112.42972	8941.38	8524.686	1000.0	1000.0	525000	656.98376	136.2165	771.67163	-822.004	656.98346	136.21658	770.61597	-855.3404	-658.9122	46.069542	5249.396767139435
106	8190.2095	110.84857	8350.003	8038.387	8597.973	94.21375	8749.695	8416.093	1000.0	1000.0	530000	658.157	136.62976	771.5382	-872.6648	658.15717	136.62875	772.9323	-836.2452	-659.9527	46.399765	5295.020987272263
107	8009.417	148.10902	8227.145	7827.1777	8516.327	78.47722	8703.137	8429.818	1000.0	1000.0	535000	659.71747	135.33252	770.97974	-820.8886	659.7171	135.33138	773.1282	-811.17053	-661.2829	49.327824	5340.607891321182
108	8031.897	127.09093	8188.6743	7871.7383	8598.276	118.4141	8798.031	8388.113	1000.0	1000.0	540000	660.89124	135.16959	772.3904	-1124.1871	660.8914	135.16612	773.1365	-1084.638	-662.608	47.69771	5388.833173036575
109	8138.7446	102.231445	8306.837	7996.9907	8797.209	101.53456	8957.625	8582.938	1000.0	1000.0	545000	662.0329	135.19672	775.04297	-1141.385	662.0329	135.19612	772.7646	-1158.5983	-663.6689	47.96731	5434.576610088348
110	8235.33	177.94933	8431.752	7962.008	8905.989	158.87389	9253.324	8703.781	1000.0	1000.0	550000	662.717	135.36424	775.3395	-1133.2428	662.7175	135.3593	773.9783	-1148.224	-664.1409	52.619408	5484.048508167267
111	8320.136	190.99467	8596.659	8083.5225	8758.611	128.35234	8988.894	8548.421	1000.0	1000.0	555000	663.8374	134.10144	772.61957	-456.81744	663.83746	134.09914	774.31995	-478.10394	-665.5907	48.476574	5533.056873321533
112	8343.049	107.14816	8513.492	8227.946	8611.76	101.34289	8770.49	8421.482	1000.0	1000.0	560000	664.56366	134.00423	779.70105	-960.163	664.5632	134.00153	784.11316	-1024.096	-666.20734	48.262844	5586.747580289841
113	8161.0366	181.22353	8377.312	7837.951	8772.834	148.3432	9043.874	8488.488	1000.0	1000.0	565000	665.6381	133.46524	783.97363	-1063.8562	665.6387	133.46301	784.17786	-1003.0179	-667.2472	51.553986	5640.42266535759
114	8150.7407	52.288883	8244.601	8086.9575	8719.154	130.88855	8893.126	8415.859	1000.0	1000.0	570000	666.9234	132.76292	777.3507	-1267.1613	666.9233	132.7622	777.3282	-1248.2732	-668.7475	48.39065	5709.3794412612915
115	8254.638	108.848755	8438.197	8131.3984	8770.483	98.80427	8992.01	8628.636	1000.0	1000.0	575000	667.87537	133.22423	782.6114	-1519.9292	667.8759	133.21928	785.96454	-1520.792	-669.6169	53.015636	5766.244922161102
116	8255.85	88.94182	8335.088	8091.3477	8893.748	110.6528	9069.22	8771.612	1000.0	1000.0	580000	668.74475	132.56607	782.65826	-1417.949	668.7447	132.56516	784.09766	-1507.4996	-670.6954	51.327152	5824.872418165207
117	8351.467	172.81236	8631.908	8091.14	8800.368	117.65461	9036.705	8672.532	1000.0	1000.0	585000	669.31793	133.3374	783.66	-1400.6456	669.318	133.33423	786.56964	-1331.1202	-671.2061	53.14684	5878.3532881736755
118	8173.9834	89.39097	8340.618	8076.7983	8807.964	89.68675	8967.993	8650.226	1000.0	1000.0	590000	670.3506	132.45093	784.0198	-1143.563	670.3502	132.45117	787.32965	-1191.1036	-671.9769	53.049175	5933.739577054977
119	8250.334	193.68234	8394.006	7869.612	8560.247	174.248	8802.059	8236.659	1000.0	1000.0	595000	671.28064	131.76291	783.348	-968.9346	671.2806	131.76094	785.7102	-971.4635	-673.2083	49.460243	5988.363122224808
120	8268.208	461.03745	8794.4375	7693.036	8744.648	100.50631	8887.588	8571.305	1000.0	1000.0	600000	671.8802	131.67319	783.6775	-722.7215	671.88	131.673	782.8979	-638.8398	-673.7861	47.626812	6039.324577093124
121	8324.553	291.9181	8591.538	7789.9985	8495.863	160.46895	8681.168	8124.7905	1000.0	1000.0	605000	673.48486	130.67967	786.67	-940.517	673.48456	130.67902	788.1356	-931.1099	-674.6959	48.296806	6087.337058067322
122	8251.069	177.46664	8537.609	8091.1406	8971.969	102.93692	9173.668	8810.472	1000.0	1000.0	610000	674.5915	130.47093	788.82574	-1057.748	674.59106	130.46895	787.7055	-1070.841	-676.5506	50.902733	6137.4016082286835
123	8339.357	62.074696	8455.998	8276.278	8895.592	140.18694	9179.616	8716.285	1000.0	1000.0	615000	675.3627	129.6995	785.9605	-842.4365	675.36273	129.69998	788.2671	-926.2657	-677.2255	46.91332	6190.141411066055
124	8450.971	140.34595	8659.109	8223.832	8639.171	118.52078	8822.146	8367.003	1000.0	1000.0	620000	676.6811	128.61287	790.2974	-1155.0607	676.6807	128.60971	790.76996	-1048.8387	-678.32104	49.853703	6241.752383232117
125	8166.8853	371.72763	8643.2	7570.326	8598.7295	171.35858	8878.295	8352.482	1000.0	1000.0	625000	676.9927	130.20164	787.9374	-1491.7291	676.9931	130.20639	790.74713	-1475.1561	-678.9106	57.58855	6289.206079244614
126	8266.693	182.04366	8539.89	7988.1255	9010.56	94.95284	9198.328	8841.635	1000.0	1000.0	630000	677.8488	128.76596	788.48816	-938.67224	677.84875	128.76466	787.3078	-881.1501	-679.5525	54.950333	6344.331326246262
127	8326.003	155.38593	8478.3	8059.6475	8590.654	125.33548	8824.397	8383.286	1000.0	1000.0	635000	678.5457	128.58391	787.9979	-765.4102	678.5452	128.58235	790.9615	-731.74255	-680.09174	53.747856	6398.663735151291
128	8447.086	229.51219	8706.561	8121.43	9049.526	82.30038	9142.367	8848.908	1000.0	1000.0	640000	679.28845	128.69319	795.78406	-317.06714	679.2887	128.69072	789.86584	-289.20975	-681.2418	49.391136	6458.362982273102
129	8467.467	135.25278	8715.16	8308.43	9149.987	116.56111	9381.721	8998.482	1000.0	1000.0	645000	679.9365	128.9797	797.114	-495.78076	679.9365	128.97768	792.95807	-436.11075	-681.8193	48.909454	6508.939591169357
130	8460.036	154.30847	8644.682	8204.036	9150.881	135.84207	9342.555	8877.216	1000.0	1000.0	650000	680.6196	129.72014	792.833	-691.1522	680.6195	129.71826	792.24426	-706.5866	-682.5657	51.807304	6558.27633523941
131	8275.748	273.0514	8634.317	7915.0864	9077.408	137.73343	9301.733	8787.923	1000.0	1000.0	655000	681.07825	130.4798	793.40247	-774.756	681.0779	130.47768	794.22	-764.17645	-683.1293	55.557037	6605.235761165619
132	8530.528	131.58435	8668.251	8355.238	8971.6875	531.85205	9268.711	7398.5894	1000.0	1000.0	660000	681.5376	130.43689	793.9223	-1141.324	681.5375	130.43294	793.1914	-1096.0413	-683.3366	56.084576	6651.823827266693
133	8480.341	212.15797	8812.097	8181.4907	8929.726	116.13873	9124.173	8675.294	1000.0	1000.0	665000	682.27924	129.34212	793.1943	-1202.644	682.2794	129.33926	792.55023	-1145.9995	-684.0456	58.355064	6701.876387119293
134	8386.956	167.70204	8625.7295	8168.0547	9198.183	158.17328	9515.51	8999.477	1000.0	1000.0	670000	682.48596	129.87193	791.47455	-1623.5764	682.4857	129.86618	793.6494	-1739.7306	-684.1397	61.608425	6753.810767173767
135	8346.67	113.14393	8530.555	8183.863	8692.502	73.644005	8788.226	8530.436	1000.0	1000.0	675000	682.47345	129.88686	797.6692	-1842.8021	682.47296	129.88539	794.48566	-1874.937	-684.566	77.17521	6805.050481081009
136	7915.1533	1236.1193	8641.58	5447.954	8914.71	84.46533	9053.548	8799.866	1000.0	1000.0	680000	683.0101	129.4308	796.5993	-1138.8978	683.01	129.4287	798.888	-1220.9834	-685.0861	70.26466	6856.3403923511505
137	8453.796	96.96221	8609.682	8337.923	8302.072	1453.7035	9102.436	3955.7893	1000.0	1000.0	685000	683.98584	126.452965	801.777	-880.2218	683.9866	126.449554	799.8976	-836.5716	-685.6223	60.908073	6911.829188108444
138	8479.454	136.9595	8642.705	8239.736	8820.999	141.22235	9162.352	8626.853	1000.0	1000.0	690000	684.20154	126.358765	795.58124	-504.68588	684.2018	126.3596	796.7621	-506.01468	-685.8564	55.27561	6971.044763088226
139	8442.263	22.776907	8481.517	8417.406	9212.057	107.33989	9372.253	9065.749	1000.0	1000.0	695000	684.32355	127.16339	794.6736	-800.30396	684.3238	127.15598	793.9299	-758.45135	-686.1551	61.418762	7025.3140161037445
140	8473.998	162.5709	8723.184	8248.039	9031.036	121.99505	9271.252	8868.515	1000.0	1000.0	700000	685.41986	125.87278	795.808	-591.57544	685.41974	125.869934	795.4022	-598.1686	-687.0925	58.2347	7074.1899971961975
141	8631.628	75.457924	8746.377	8518.224	8528.68	70.1742	8630.706	8413.48	1000.0	1000.0	705000	686.00964	125.77085	796.25073	-368.02814	686.0094	125.767555	795.21234	-403.40244	-688.1488	57.296925	7124.435861110687
142	8557.092	282.00067	8993.464	8130.044	8797.752	160.9285	8997.579	8508.274	1000.0	1000.0	710000	686.6709	126.57912	799.53467	-223.57251	686.671	126.575485	799.41315	-149.74069	-688.5881	53.0241	7175.768268108368
143	8345.064	267.6415	8709.536	7928.0825	9140.566	126.170685	9308.161	8896.722	1000.0	1000.0	715000	687.4282	126.282	800.78973	-154.62193	687.4282	126.28142	797.4489	-153.6399	-689.25757	51.10007	7228.188834190369
144	8545.256	153.73424	8733.257	8355.909	8782.669	148.27612	8991.582	8512.727	1000.0	1000.0	720000	688.4151	126.36178	798.7633	-125.43443	688.4145	126.361374	801.93097	-149.79858	-690.334	53.232876	7281.653048038483
145	8497.936	207.43755	8728.227	8167.793	9346.557	113.417656	9494.708	9163.961	1000.0	1000.0	725000	689.2157	126.93274	799.20856	-194.33382	689.21545	126.93338	800.53406	-134.03061	-691.1037	55.138775	7330.84232211113
146	8624.892	136.11699	8841.1	8440.57	8848.086	152.14029	9062.95	8639.006	1000.0	1000.0	730000	689.6695	127.21874	799.4577	-154.37881	689.6698	127.216125	803.31757	-164.34253	-691.31934	56.05965	7380.691967964172
147	8309.428	267.83676	8655.221	7979.8315	9152.495	301.0721	9358.006	8275.112	1000.0	1000.0	735000	690.2611	126.49472	799.0846	-141.53741	690.2614	126.49259	799.41565	-144.35231	-691.7646	51.3609	7429.029930114746
148	8569.427	203.34622	8809.96	8216.6875	9245.93	166.0772	9449.342	8973.843	1000.0	1000.0	740000	690.64606	127.36961	802.078	-226.79643	690.6458	127.368835	803.3168	-214.78711	-692.5578	54.25325	7479.8642292022705
149	8609.667	203.78532	8842.767	8261.518	9254.695	57.429592	9363.229	9154.536	1000.0	1000.0	745000	692.0127	125.94653	804.2042	-387.1926	692.0121	125.94653	806.64026	-261.66013	-693.9861	54.500614	7533.26927113533
150	8604.127	69.63822	8736.46	8545.203	9140.67	121.42726	9347.024	8966.885	1000.0	1000.0	750000	692.33704	126.26191	800.3189	-354.43384	692.3368	126.2593	801.9694	-316.9425	-693.9852	54.863213	7584.654128074646
151	8734.721	89.912636	8835.461	8621.759	9004.022	137.44952	9312.879	8852.202	1000.0	1000.0	755000	693.12225	125.27244	805.2816	-404.33093	693.1224	125.275375	802.7079	-368.77502	-694.5896	56.33472	7636.127742290497
152	8449.741	271.9945	8698.509	8100.1704	9098.863	297.43848	9388.041	8270.038	1000.0	1000.0	760000	693.7506	124.968124	802.0336	-205.0772	693.75104	124.96398	803.56836	-193.69745	-695.6542	56.053936	7685.828377246857
153	8713.131	67.80134	8839.743	8650.767	9332.563	132.98659	9530.785	9077.3125	1000.0	1000.0	765000	694.7791	124.50099	802.3384	-199.4139	694.7788	124.50176	803.2361	-195.65498	-696.8052	53.35997	7736.989005088806
154	8649.377	276.79855	8919.851	8133.4043	9423.634	90.0591	9533.95	9236.381	1000.0	1000.0	770000	695.40027	123.824486	807.9716	-205.69292	695.3999	123.82454	806.6447	-175.44559	-697.1664	51.819614	7786.599247217178
155	8673.41	153.61899	8888.827	8432.808	9342.25	87.86418	9440.496	9164.918	1000.0	1000.0	775000	695.7987	124.691605	808.07385	-188.91383	695.7984	124.68878	808.2811	-201.93163	-697.6058	55.21314	7834.968261241913
156	8647.357	206.77844	8935.522	8304.871	9494.056	102.88467	9620.824	9265.05	1000.0	1000.0	780000	696.49	124.50172	805.40967	-186.98506	696.49005	124.504814	806.60547	-175.33757	-698.30597	55.118324	7886.479119062424
157	8658.829	20.756166	8692.888	8636.889	9152.692	69.489136	9247.4375	9039.071	1000.0	1000.0	785000	697.4114	123.61158	807.65857	-245.85594	697.41144	123.61017	807.1862	-223.99234	-699.0496	53.35316	7936.898022174835
158	8658.3	106.7222	8765.6	8482.89	9162.862	142.64886	9389.79	8905.582	1000.0	1000.0	790000	698.1956	123.384384	808.2624	-228.50803	698.1946	123.38726	807.1272	-198.97522	-700.00934	52.81671	7989.448229074478
159	8527.397	205.10501	8784.456	8225.657	9185.861	143.39937	9365.038	8894.206	1000.0	1000.0	795000	698.9144	123.65631	813.6692	-188.66353	698.9146	123.65549	814.52673	-164.64189	-700.76526	50.399433	8044.062403202057
160	8570.728	127.07446	8727.84	8374.324	9159.788	107.87258	9289.972	8928.227	1000.0	1000.0	800000	699.60693	123.43675	816.42535	-251.862	699.60693	123.434654	812.78687	-220.34766	-701.5432	52.679855	8100.557284116745
161	8593.715	151.25447	8762.2295	8323.001	9375.502	122.061676	9544.902	9084.819	1000.0	1000.0	805000	700.1783	123.05367	810.82544	-351.65167	700.1786	123.0548	811.6525	-405.74332	-701.6293	57.26636	8161.3877811431885
162	8683.8545	215.4165	8857.336	8270.288	9236.237	144.03098	9595.179	9005.178	1000.0	1000.0	810000	699.9171	123.84666	813.60474	-354.63654	699.9168	123.84677	815.8758	-424.32413	-701.5475	55.042976	8212.077696084976
163	8595.083	273.45612	8945.231	8268.995	9555.15	164.12392	9866.632	9309.68	1000.0	1000.0	815000	700.5666	122.60367	813.73895	-222.4255	700.5663	122.605965	813.74084	-193.20137	-702.3857	57.75198	8262.018779277802
164	8880.499	88.38864	9016.581	8765.369	9140.206	81.569244	9241.857	8988.441	1000.0	1000.0	820000	700.90137	122.70018	816.5214	-239.99844	700.9014	122.697876	813.5422	-218.65137	-702.8316	53.35218	8312.896479129791
165	8681.249	243.4146	9015.262	8327.718	9599.338	108.27484	9699.159	9330.6045	1000.0	1000.0	825000	701.66614	122.24523	814.97046	-206.05737	701.6661	122.242355	813.7828	-192.92676	-703.46466	51.594486	8366.846618175507
166	8776.224	155.28409	8939.087	8516.194	9331.713	123.54746	9572.941	9179.816	1000.0	1000.0	830000	702.0859	122.468315	813.52313	-210.86446	702.0857	122.47065	814.6415	-271.21848	-703.61615	53.00895	8419.54406619072
167	8693.931	171.94733	8931.508	8484.623	8666.358	1946.7079	9763.387	3092.6938	1000.0	1000.0	835000	702.5826	121.964905	814.3797	-302.4136	702.5823	121.96741	815.69055	-320.4842	-704.3526	52.901073	8472.443155288696
168	8672.693	149.28072	8842.376	8392.68	9528.263	129.25902	9697.199	9326.425	1000.0	1000.0	840000	703.74554	120.43914	816.62805	-200.51668	703.7454	120.44034	815.4706	-180.17735	-705.47784	52.275917	8520.226254224777
169	8679.328	507.40356	9086.519	7763.291	9128.727	135.16646	9433.455	8956.491	1000.0	1000.0	845000	704.57855	119.634224	819.7028	-179.76459	704.5787	119.63052	819.6918	-140.6867	-706.56244	55.754837	8570.43755698204
170	8671.657	135.10168	8865.212	8483.121	9338.813	203.06984	9633.915	8896.259	1000.0	1000.0	850000	704.8886	120.211716	815.8352	-190.59882	704.8884	120.20871	816.37024	-205.36255	-706.6738	61.565926	8622.261791944504
171	8731.5	120.61501	8952.86	8588.499	9489.005	137.05212	9656.286	9211.725	1000.0	1000.0	855000	705.5713	119.01431	819.61	-115.42651	705.5712	119.0132	826.4062	-112.73344	-707.0756	56.454136	8675.97192811966
172	8809.866	178.65536	9006.966	8587.684	9292.7295	170.41098	9455.838	8989.753	1000.0	1000.0	860000	705.9638	119.0972	820.1165	-167.1475	705.9638	119.09573	821.0457	-194.60628	-707.8357	54.150238	8726.435770273209
173	8777.567	185.55608	9068.128	8572.704	9533.36	150.47688	9770.607	9309.91	1000.0	1000.0	865000	706.38617	119.00654	816.9627	-202.63597	706.3857	119.00663	815.994	-183.28983	-708.2663	54.69632	8777.467505216599
174	8616.318	248.18813	8911.758	8179.2476	8891.3955	2077.9006	9934.668	2675.4023	1000.0	1000.0	870000	706.26733	118.95975	821.39594	-200.12502	706.26733	118.9594	823.2783	-153.75052	-707.9738	54.686646	8819.009097337723
175	8793.64	131.89537	9029.952	8685.517	9497.241	112.569664	9724.386	9359.552	1000.0	1000.0	875000	706.8957	118.24565	816.3489	-125.81614	706.8955	118.24597	818.6054	-118.488976	-708.5399	57.99156	8855.78364109993
176	8774.095	249.10196	9155.709	8487.93	9088.583	236.52138	9465.529	8603.727	1000.0	1000.0	880000	707.78467	117.26577	821.894	-161.21817	707.78394	117.26597	824.8735	-159.6745	-709.5193	53.954945	8891.639667272568
177	8516.485	372.88055	8889.722	7857.3237	9713.745	100.743164	9938.973	9594.681	1000.0	1000.0	885000	708.0714	116.4825	821.3108	-145.07962	708.0713	116.48109	823.6424	-133.24684	-709.6895	53.717495	8926.203544139862
178	8831.002	231.68182	9285.044	8636.532	9391.658	118.686195	9625.329	9180.227	1000.0	1000.0	890000	708.86176	115.45708	819.1954	-188.6875	708.86194	115.45619	822.6928	-210.53836	-710.4399	52.319332	8962.224128961563
179	8758.939	177.91508	9028.081	8535.709	9384.657	130.8208	9584.201	9185.484	1000.0	1000.0	895000	709.23364	115.63436	821.0208	-144.18925	709.23303	115.6306	820.1082	-158.82138	-710.83936	51.180237	8999.835128068924
180	8830.878	207.54129	9082.338	8480.902	9419.772	177.97295	9671.916	9158.361	1000.0	1000.0	900000	709.8133	115.60746	821.28613	-139.31995	709.81354	115.60655	820.7236	-135.23799	-711.5473	54.30088	9037.363978147507
181	8939.817	134.5868	9156.368	8779.556	9541.328	179.35983	9776.549	9310.684	1000.0	1000.0	905000	710.1038	115.98182	819.56464	-176.6215	710.1039	115.97919	817.50525	-137.14668	-711.7463	55.99727	9075.011434078217
182	8463.255	786.30896	9025.818	6900.8506	9658.466	117.043106	9817.134	9407.013	1000.0	1000.0	910000	710.3517	117.146774	821.2288	-153.79344	710.35144	117.145004	822.24976	-123.12922	-712.0523	55.335	9112.783341169357
183	8926.857	150.61313	9131.005	8745.63	9539.857	90.63792	9646.647	9338.323	1000.0	1000.0	915000	711.33295	115.42634	821.28046	-157.06863	711.33276	115.426476	821.5167	-157.305	-713.2875	55.015724	9152.899757146835
184	8551.256	493.60574	9127.886	7679.5317	9478.452	112.38846	9674.255	9306.164	1000.0	1000.0	920000	712.18665	115.54667	821.5845	-150.81195	712.18677	115.547	824.2299	-150.32353	-714.00354	53.5133	9192.345627069473
185	8964.308	140.09833	9192.027	8777.196	9702.592	113.74325	9888.441	9537.203	1000.0	1000.0	925000	712.7393	115.67196	820.88776	-104.29447	712.7391	115.67051	821.72217	-110.07315	-714.4842	52.95984	9230.094947099686
186	9157.053	61.738625	9256.361	9086.642	9641.029	138.49098	9819.619	9444.831	1000.0	1000.0	930000	713.33246	115.86302	822.16315	-184.0085	713.3325	115.86191	823.80585	-176.2891	-715.0967	51.6937	9268.793531179428
187	8959.039	102.7671	9122.381	8829.559	8666.188	146.796	8933.256	8440.453	1000.0	1000.0	935000	713.7924	115.9062	826.4592	-197.99388	713.79175	115.90856	825.9059	-168.60797	-715.5881	52.415245	9303.780195236206
188	8687.036	204.81712	8930.761	8352.555	9762.49	154.95084	9963.234	9427.135	1000.0	1000.0	940000	714.37115	115.16007	824.8955	-127.34675	714.37054	115.15902	824.655	-108.050255	-716.255	51.77883	9341.119292259216
189	8688.574	290.8762	9131.777	8312.296	9660.485	88.69775	9804.309	9550.45	1000.0	1000.0	945000	714.9571	115.58503	826.15967	-172.55296	714.9574	115.583725	828.1995	-172.70787	-716.87054	52.55366	9377.288143157959
190	8760.464	134.19788	8953.44	8606.947	9738.572	151.95355	9929.335	9430.549	1000.0	1000.0	950000	715.70966	115.53724	826.07666	-173.792	715.7101	115.53415	824.8873	-149.78105	-717.6148	53.1109	9413.024129152298
191	8793.692	163.44077	8982.737	8515.548	9471.878	189.77504	9749.094	9112.779	1000.0	1000.0	955000	716.3143	114.92508	827.066	-182.20175	716.3136	114.92523	827.1994	-198.10587	-717.9732	53.521976	9445.94299530983
192	8883.961	175.33383	9104.107	8569.985	9223.51	194.0915	9445.964	8873.17	1000.0	1000.0	960000	716.195	115.0335	824.6344	-172.9103	716.1946	115.03455	826.5153	-179.60773	-717.76263	52.9378	9482.70825600624
193	8804.108	196.89107	8981.991	8450.6875	9684.561	103.16967	9850.575	9527.729	1000.0	1000.0	965000	716.43243	114.66726	825.113	-196.20993	716.4322	114.6665	825.0094	-195.37509	-717.981	51.734512	9520.697775125504
194	8842.84	198.43156	9191.872	8682.95	9888.505	71.69325	10008.427	9755.682	1000.0	1000.0	970000	716.9763	114.29101	826.02423	-186.39777	716.97577	114.292076	828.2323	-190.94077	-718.3727	50.45044	9560.037160158157
195	8824.069	148.8947	9068.906	8610.079	9057.697	703.8432	9529.446	6977.463	1000.0	1000.0	975000	717.7142	113.8103	824.684	-251.87424	717.71405	113.81012	825.3696	-276.81543	-719.5711	49.421745	9598.893004179
196	8216.116	1264.7465	9026.565	5696.9014	9819.292	106.43584	10011.348	9652.974	1000.0	1000.0	980000	717.9756	114.09617	824.3812	-157.6657	717.9757	114.094826	824.6023	-148.64804	-719.5742	52.613808	9639.034034252167
197	8967.224	215.79282	9252.657	8724.615	9451.823	144.03906	9619.409	9168.086	1000.0	1000.0	985000	718.4304	114.119965	826.0112	-201.2944	718.431	114.117935	828.2452	-250.55273	-720.0599	50.428238	9677.162464141846
198	8838.909	169.10956	9072.39	8546.6455	9696.135	159.83061	9972.113	9439.569	1000.0	1000.0	990000	718.95276	114.472176	828.65594	-205.58264	718.9528	114.46637	828.01874	-220.44069	-720.7046	53.046036	9709.1489610672
199	8862.1	154.04277	9052.458	8612.465	9865.723	141.13454	10141.415	9587.464	1000.0	1000.0	995000	719.1225	114.89468	827.2384	-176.4515	719.1223	114.892235	825.9732	-139.76389	-720.7112	53.682537	9745.576067209244
