Epoch	AverageEpRet	StdEpRet	MaxEpRet	MinEpRet	AverageTestEpRet	StdTestEpRet	MaxTestEpRet	MinTestEpRet	EpLen	TestEpLen	TotalEnvInteracts	AverageQVals	StdQVals	MaxQVals	MinQVals	LossPi	LossQ	AverageEpVarUncertainty	StdEpVarUncertainty	MaxEpVarUncertainty	MinEpVarUncertainty	AverageEpVarUncertaintyClipped	StdEpVarUncertaintyClipped	MaxEpVarUncertaintyClipped	MinEpVarUncertaintyClipped	AverageEpStdUncertainty	StdEpStdUncertainty	MaxEpStdUncertainty	MinEpStdUncertainty	AverageEpStdUncertaintyClipped	StdEpStdUncertaintyClipped	MaxEpStdUncertaintyClipped	MinEpStdUncertaintyClipped	Time
1	-285.91367	62.696346	-228.37468	-397.84976	-512.6204	7.702521	-499.92197	-518.96063	1000.0	1000.0	5000	1.2847192	3.4527094	21.33537	-5.988327	-2.017229	0.13589765	0.0	0.0	0.0	0.0	0.0	0.0	0.0	0.0	0.0	0.0	0.0	0.0	0.0	0.0	0.0	0.0	75.28044009208679
2	-348.6831	70.1759	-225.27097	-443.51572	325.85336	30.990398	386.66443	265.65262	1000.0	1000.0	10000	14.92481	8.502143	46.482956	-4.4367766	-17.201218	0.6342246	0.0	0.0	0.0	0.0	0.0	0.0	0.0	0.0	0.0	0.0	0.0	0.0	0.0	0.0	0.0	0.0	150.47910356521606
3	-246.73161	236.01018	208.45322	-449.8547	-649.81885	75.04536	-540.21387	-810.9428	1000.0	1000.0	15000	37.96645	9.100386	73.31921	12.301033	-40.110218	1.5983268	1237.8744	437.5479	1833.2662	611.0944	1542.9166	355.60068	2024.4487	1019.55725	1873.6855	577.0587	2667.8962	1112.2338	2136.0332	507.53152	2829.2173	1434.4708	385.6056098937988
4	-290.0013	314.64023	78.2976	-787.8448	-6.8180037	395.03763	672.8423	-643.24585	1000.0	1000.0	20000	52.227146	12.608234	101.767525	12.798845	-54.08253	2.115866	1506.8043	335.40222	1992.9506	1056.8563	1751.9066	298.54425	2175.488	1331.2405	2248.231	362.04822	2794.4268	1837.5956	2456.8425	336.14404	2958.2476	2053.4421	620.4317963123322
5	-90.46578	143.62639	193.27722	-189.9135	30.47881	258.22516	439.81592	-427.35614	1000.0	1000.0	25000	62.232803	16.917595	112.35674	29.415548	-63.875923	2.1235814	2047.0953	169.36588	2265.7944	1835.9296	2216.965	152.7704	2417.574	2035.803	2878.7056	180.9736	3091.2776	2627.8804	3025.8555	163.94968	3225.2542	2806.4006	856.2650225162506
6	781.95886	766.9833	1613.9497	-335.72485	1393.4229	811.0818	2011.32	-168.50566	1000.0	1000.0	30000	71.21141	21.297438	132.04999	35.675854	-72.59908	2.2594266	1833.7607	179.50581	2165.244	1652.6224	2019.5051	163.10211	2328.8977	1877.5845	2688.616	190.23987	2987.8538	2418.1975	2833.0103	172.68896	3124.1653	2610.586	1092.5985605716705
7	1989.3949	288.653	2403.9302	1616.6062	2832.8257	325.433	3284.0894	1998.8226	1000.0	1000.0	35000	85.51519	27.783817	158.6857	39.05963	-87.117615	2.7222493	1808.2924	67.28571	1938.2101	1762.4847	1963.9313	58.804363	2078.361	1921.5117	2782.3093	77.958595	2928.306	2720.5867	2883.4917	70.58036	3016.621	2830.9446	1327.49862074852
8	2183.0679	960.7422	3139.851	335.90424	2119.9465	1264.4856	3652.1348	316.96756	1000.0	1000.0	40000	105.36478	36.340378	198.30244	44.177982	-107.29595	3.8788157	1809.8748	208.83922	2209.095	1610.579	1958.8074	196.3258	2337.9307	1777.8987	2800.5156	185.61728	3135.2827	2602.032	2895.4202	182.04234	3231.002	2704.8938	1555.1175224781036
9	2690.5322	350.18948	3163.0269	2298.2695	3684.9575	81.04437	3821.4954	3587.2112	1000.0	1000.0	45000	126.635544	48.294857	247.72876	48.43213	-128.5629	6.0023646	1686.679	94.82949	1839.6226	1561.7351	1856.9456	81.76707	1993.4607	1758.0833	2649.2866	112.6683	2808.84	2478.3364	2756.5913	100.80945	2902.7332	2606.5376	1784.152173280716
10	3435.1953	163.92029	3716.0842	3205.3171	4562.667	67.1186	4678.1426	4455.152	1000.0	1000.0	50000	153.90756	60.844254	283.03494	49.44788	-156.38812	7.989144	1484.1125	77.692184	1636.4546	1426.8589	1690.025	66.860886	1822.6217	1646.4336	2392.8157	95.839615	2565.4553	2305.4128	2522.5728	85.55441	2682.3691	2450.2815	2018.5874588489532
11	3975.4583	244.85489	4361.3315	3680.1768	5121.231	197.79875	5351.8804	4723.5435	1000.0	1000.0	55000	185.82423	72.0252	319.79874	50.265327	-188.19167	8.748021	1404.1058	54.787388	1459.0975	1309.6306	1614.0342	47.84746	1666.2087	1533.1565	2323.9036	62.717255	2394.5605	2213.923	2455.1938	56.63573	2517.592	2355.0579	2254.204024553299
12	4374.198	140.88924	4568.401	4168.865	5645.4414	106.34888	5785.778	5440.6436	1000.0	1000.0	60000	218.77971	83.76234	360.03214	54.019043	-221.26343	9.309786	1389.131	26.881968	1420.0697	1352.0419	1602.5354	18.59438	1629.1008	1575.6113	2301.2563	51.644135	2374.5483	2239.2026	2439.0537	38.734215	2490.87	2389.7832	2488.9762659072876
13	3422.8315	1625.1204	4444.123	182.30972	5591.6846	219.57767	5750.191	4995.424	1000.0	1000.0	65000	247.47072	96.570786	394.5312	62.520634	-250.05106	10.461137	1659.1656	483.8418	2613.532	1274.9331	1839.9805	437.88922	2705.437	1503.5122	2598.1423	485.63635	3547.7808	2171.5303	2710.1694	459.7194	3611.826	2317.78	2726.3120822906494
14	4547.2476	81.77975	4643.7144	4429.0693	5724.88	121.34791	5857.744	5437.9854	1000.0	1000.0	70000	279.5248	107.120445	431.6458	60.643784	-282.23636	11.408814	1337.079	37.137486	1404.265	1305.3206	1546.2185	32.038975	1598.4163	1516.0594	2278.3367	51.14178	2377.2544	2232.891	2401.984	43.14373	2484.69	2363.5898	2960.9037160873413
15	4619.8096	187.01407	4907.4233	4444.254	5688.051	102.909515	5826.5923	5563.9673	1000.0	1000.0	75000	311.8061	113.80601	459.7511	68.34186	-314.7573	12.389553	1368.76	71.10262	1490.3501	1269.0085	1570.572	63.236156	1682.0452	1485.7902	2320.3423	79.863594	2445.53	2200.141	2442.0093	76.43835	2565.048	2328.889	3195.9609286785126
16	4644.1724	109.815384	4849.924	4525.419	5931.8584	45.819565	5994.192	5856.704	1000.0	1000.0	80000	342.64224	117.66219	490.49152	84.8621	-345.63324	12.798884	1345.9812	44.393764	1397.9152	1290.968	1543.3978	34.465622	1586.4883	1496.3176	2317.8958	68.56223	2413.8591	2252.1108	2429.6204	57.68962	2504.3235	2368.0752	3432.8396878242493
17	4770.2275	132.36035	4889.965	4565.9688	5374.676	1232.8551	6026.3813	1695.8575	1000.0	1000.0	85000	372.046	118.990685	515.80334	96.9518	-374.8888	12.623877	1359.6273	59.876774	1462.5764	1275.1049	1555.114	45.32928	1634.9095	1494.4747	2336.6858	92.60474	2490.5266	2202.5256	2445.917	77.32705	2574.4197	2332.9482	3666.6978826522827
18	4106.2017	1280.2283	4885.674	1555.8251	6324.3936	89.24475	6487.33	6150.858	1000.0	1000.0	90000	397.79626	119.97997	535.62384	116.314735	-400.96426	12.289287	1483.5974	231.83066	1928.1588	1264.5609	1659.2268	208.31044	2064.5183	1479.916	2482.4448	238.67027	2912.8647	2203.7747	2579.9878	226.91042	2999.5127	2330.534	3902.6535079479218
19	4993.077	135.77643	5207.046	4864.9556	5337.47	1352.3944	6498.1216	2248.0452	1000.0	1000.0	95000	419.54468	124.06137	553.0049	123.471794	-422.2254	12.335077	1401.2343	31.450565	1451.3405	1366.6094	1584.2527	28.671268	1629.0281	1549.7721	2403.8403	42.853325	2456.4795	2354.4722	2503.609	35.73918	2552.4817	2460.487	4140.8202176094055
20	4946.8057	55.57881	5005.151	4846.026	5930.7607	959.21375	6533.803	3132.329	1000.0	1000.0	100000	439.97552	127.98361	569.9641	125.85655	-442.6165	12.695596	1393.533	45.574024	1457.5936	1333.0039	1582.3906	38.022026	1632.4481	1532.4335	2381.4114	57.812454	2470.309	2302.9417	2486.4653	52.41295	2566.0037	2417.692	4373.307301521301
21	4993.953	112.93531	5198.8433	4885.959	5469.258	487.77365	5906.018	4124.591	1000.0	1000.0	105000	459.44098	131.02539	593.6017	131.46231	-462.3032	13.19987	1459.0394	68.41682	1529.821	1348.5085	1632.1461	61.456135	1692.3455	1537.2557	2475.9114	75.93168	2563.0854	2346.5515	2572.086	71.02727	2648.7383	2450.1218	4603.944027900696
22	5046.2085	116.247925	5224.1787	4871.185	6311.833	137.6615	6479.201	6041.8677	1000.0	1000.0	110000	478.44064	133.23341	611.0521	132.7186	-481.1292	13.955984	1476.2108	80.37353	1573.5493	1332.4633	1643.483	63.607536	1719.6853	1530.0098	2507.7925	109.8178	2641.999	2309.391	2597.1582	97.53195	2718.137	2423.1282	4830.182874917984
23	5130.681	175.32603	5387.832	4918.7705	6641.5127	113.198654	6822.6533	6466.2017	1000.0	1000.0	115000	496.16498	134.63206	626.51373	138.16035	-498.8679	13.895004	1387.8606	46.94982	1453.7614	1309.0177	1561.7051	37.723133	1611.4998	1494.7773	2419.4067	66.73229	2518.6282	2321.5518	2512.9265	58.28744	2596.28	2421.856	5061.448169231415
24	5145.0884	144.66246	5383.1323	4968.619	6123.052	99.71129	6283.19	6009.2114	1000.0	1000.0	120000	513.8887	133.68962	645.1461	145.20035	-516.9456	14.424384	1381.5774	95.496124	1539.2932	1263.9205	1557.172	81.18267	1696.4767	1459.8151	2409.3794	115.76777	2579.1487	2254.4954	2502.6125	104.8096	2664.7947	2368.492	5292.738800287247
25	5092.035	59.113007	5187.0557	5032.3843	6086.6494	1282.326	7161.3813	3082.9626	1000.0	1000.0	125000	529.86865	133.24622	660.2709	155.5444	-532.6054	14.4312	1379.9972	48.246788	1438.9769	1331.7186	1556.5535	39.099083	1608.1202	1520.227	2409.9448	65.94045	2496.1519	2324.2378	2500.8962	59.177654	2576.5962	2427.759	5526.8303389549255
26	5311.0073	223.09071	5532.152	4896.9175	6060.8677	543.49097	6737.6255	4871.281	1000.0	1000.0	130000	545.09344	133.5034	674.86993	164.10187	-547.94855	14.846241	1402.472	71.7866	1501.3663	1304.8221	1574.8708	58.818344	1662.4352	1498.073	2435.5847	94.11851	2540.6328	2301.3413	2529.3833	84.86303	2629.8152	2407.3157	5760.668344974518
27	5327.4004	130.95741	5557.972	5152.457	5830.628	419.9784	6491.838	4866.332	1000.0	1000.0	135000	559.156	134.01942	687.9051	168.26282	-562.1008	15.598381	1426.2312	49.63474	1490.0193	1374.4843	1591.0775	41.543385	1641.5942	1548.0787	2475.3818	66.168755	2571.7349	2405.042	2561.3276	57.851135	2647.1458	2501.7659	5990.808409452438
28	5237.5415	192.4971	5382.271	4858.824	6187.0728	643.8594	6687.4233	4672.7437	1000.0	1000.0	140000	572.5067	133.94162	698.3426	181.65234	-575.6285	15.5234785	1500.9749	32.92764	1556.8845	1458.4202	1650.8613	26.719275	1697.615	1624.2415	2576.478	47.68864	2646.6882	2497.3354	2653.6987	40.11871	2717.6423	2591.8728	6227.869060516357
29	5441.698	93.41669	5603.7695	5315.992	5967.063	312.68842	6364.4717	5266.7695	1000.0	1000.0	145000	585.32556	132.77501	708.5208	188.931	-588.0815	15.749474	1443.1511	39.148808	1516.1775	1401.8103	1606.4459	31.438044	1665.2329	1575.0876	2493.0479	52.061615	2589.3838	2434.7942	2579.6545	47.096542	2666.8472	2527.0984	6462.769038438797
30	5397.71	72.14219	5512.5283	5315.812	5082.464	1147.1167	6212.1396	2632.935	1000.0	1000.0	150000	597.90063	131.19102	721.7807	186.99223	-600.9801	15.792734	1523.6788	50.28554	1587.8158	1464.3793	1673.7191	42.070816	1723.8135	1622.8705	2595.0132	66.10265	2685.022	2517.7444	2670.7244	59.597515	2749.628	2599.7466	6697.576431512833
31	5230.8076	94.76095	5332.8174	5067.6294	5442.675	378.07047	5959.5747	4816.957	1000.0	1000.0	155000	609.2445	129.84482	730.85693	203.47485	-611.9144	15.868815	1551.6981	28.72392	1590.2437	1515.4685	1691.6299	23.67327	1726.6857	1658.8867	2642.2593	41.340008	2686.746	2586.0571	2711.8513	36.36286	2754.0461	2666.4417	6932.309366703033
32	5408.3564	169.35573	5578.7324	5188.621	7257.0806	247.32672	7465.0938	6610.464	1000.0	1000.0	160000	620.7418	127.122246	739.4175	215.08107	-623.6545	15.608653	1569.8499	68.604164	1681.2697	1486.2361	1707.4524	54.205856	1797.588	1649.3489	2665.4038	98.01863	2817.6313	2524.344	2734.7583	85.96405	2867.7327	2614.8442	7166.398881673813
33	5354.0796	219.6602	5771.787	5144.976	7215.94	386.54678	7530.4673	6105.3486	1000.0	1000.0	165000	630.8823	125.19985	749.6266	232.23021	-633.8563	15.245232	1513.7395	40.91589	1592.9745	1478.4402	1661.5602	33.680634	1724.94	1630.6501	2590.442	55.609867	2697.89	2544.0642	2665.3853	48.98531	2760.9985	2629.0393	7398.974721193314
34	5437.0713	149.59708	5603.547	5198.4326	7344.175	84.28795	7509.0024	7214.53	1000.0	1000.0	170000	640.60657	123.54067	755.6352	234.59564	-643.2584	15.744488	1570.8113	35.173393	1622.2642	1523.2659	1702.7834	30.587893	1746.5641	1661.7152	2678.6396	40.407444	2738.682	2622.5059	2743.6992	37.459667	2800.2502	2692.562	7629.821969747543
35	5383.9907	87.14105	5469.412	5245.1616	7450.479	72.69995	7641.755	7381.0405	1000.0	1000.0	175000	650.054	121.16881	762.7819	251.52399	-652.8125	15.612065	1566.4064	53.436325	1623.0596	1478.0146	1700.8353	42.39947	1746.216	1635.2866	2671.1304	74.94377	2745.8562	2538.7212	2736.1235	66.686806	2803.2495	2619.814	7860.461963415146
36	5439.961	81.05902	5564.162	5343.476	7579.3345	154.11867	7844.964	7317.788	1000.0	1000.0	180000	658.44135	120.12341	769.29785	254.10423	-661.42365	15.789622	1572.9261	43.927036	1620.6511	1519.3616	1700.1807	36.867916	1744.0624	1655.3824	2696.946	53.662533	2759.6602	2633.3604	2756.7173	52.229588	2817.2546	2692.6375	8090.671491146088
37	5369.3623	87.04725	5474.7217	5256.4053	6134.04	502.18216	7090.7065	5362.164	1000.0	1000.0	185000	665.3775	120.453835	776.0177	258.62805	-668.2758	15.834253	1583.5427	46.404655	1645.4501	1515.7341	1716.5228	38.98497	1767.3103	1654.8275	2686.895	57.59146	2766.1387	2620.6497	2754.9055	50.95849	2823.5679	2690.6196	8325.670665502548
38	5572.341	66.247925	5646.856	5481.9863	7260.4297	102.18359	7491.692	7149.4644	1000.0	1000.0	190000	672.47766	119.96165	817.3564	249.2105	-675.4193	15.956583	1555.5238	15.939363	1573.9896	1532.3469	1688.1465	13.575789	1704.7047	1672.7689	2669.291	24.505857	2693.9683	2626.3716	2732.7114	22.974613	2755.9895	2693.6	8561.477520227432
39	5589.542	116.0313	5770.4653	5475.4956	7224.208	559.4493	7672.9487	5650.33	1000.0	1000.0	195000	679.52655	118.17508	819.6237	273.3866	-682.5933	16.0088	1603.0156	28.498127	1641.6587	1563.0996	1729.221	24.547213	1768.5591	1695.4739	2722.6733	39.551785	2756.1807	2673.269	2783.6416	34.40168	2812.7507	2737.2795	8796.516538619995
40	5515.5776	205.71298	5722.075	5221.662	7267.176	115.975945	7457.855	7110.948	1000.0	1000.0	200000	687.52716	113.6066	853.18494	287.3642	-690.613	16.669252	1705.3649	75.76053	1799.528	1616.0713	1806.9088	64.384514	1887.6011	1733.8508	2872.5913	94.46597	2983.8516	2752.1536	2919.461	86.63482	3023.6746	2811.35	9029.929421663284
41	5620.904	107.7206	5793.374	5481.543	7610.396	70.52548	7695.2295	7470.052	1000.0	1000.0	205000	694.3265	108.98948	863.8435	303.69806	-697.0325	15.840153	1670.1565	83.21359	1806.4271	1567.3169	1780.4543	67.50678	1892.2681	1688.6509	2821.691	113.55062	2999.039	2712.0571	2871.7769	103.48232	3036.5938	2766.973	9267.52911901474
42	5544.6978	199.85732	5814.8135	5286.2847	7541.0845	120.748245	7753.5645	7329.2314	1000.0	1000.0	210000	700.5919	105.821526	886.698	324.96042	-703.73773	15.669547	1594.0444	77.06347	1702.558	1475.8094	1717.223	67.20011	1816.0219	1617.8778	2723.9368	89.000244	2833.4482	2577.4307	2777.9019	83.73968	2884.1733	2643.481	9502.193846702576
43	5618.0283	208.81102	5892.763	5323.6997	7568.3486	134.38731	7764.109	7315.5894	1000.0	1000.0	215000	706.47437	102.891335	901.91504	340.95145	-709.3209	15.991451	1585.7278	14.7018	1604.8386	1560.117	1714.5289	14.429583	1738.9293	1693.7046	2703.8992	21.985865	2737.2534	2667.841	2762.144	18.934875	2787.0854	2728.4043	9734.733670473099
44	5782.01	90.920456	5959.457	5703.334	7277.4673	107.91196	7414.347	7007.1406	1000.0	1000.0	220000	712.1521	100.426476	891.19025	330.44846	-715.3575	16.763462	1634.1028	45.53043	1681.25	1550.9338	1748.5867	41.311558	1790.0693	1672.6993	2780.2612	47.779663	2832.3616	2694.6187	2831.1465	46.14887	2881.569	2747.7512	9963.41488981247
45	5706.2695	174.9804	5967.0205	5512.937	7369.9937	105.25645	7513.708	7228.242	1000.0	1000.0	225000	717.4992	98.33346	886.15875	359.1159	-720.5135	17.021397	1815.6465	40.687176	1878.3689	1752.6865	1913.3177	36.22412	1963.4834	1850.8695	2971.4688	50.529564	3054.471	2916.9592	3015.9094	45.50122	3091.3328	2961.8335	10197.688679218292
46	5576.4194	278.40558	5975.331	5122.6636	7719.294	127.41076	7889.5728	7424.5854	1000.0	1000.0	230000	721.3554	98.429115	889.1699	355.7718	-724.1613	15.611837	1728.8347	59.10927	1796.2504	1623.1736	1832.2732	50.314655	1894.4384	1742.6337	2885.798	74.16708	2955.0234	2756.4382	2929.4492	66.88294	2993.98	2811.7527	10431.033147573471
47	5595.5654	119.61847	5763.0767	5425.7007	7968.8213	107.9422	8127.7456	7708.7197	1000.0	1000.0	235000	724.9943	98.849464	880.8658	360.95126	-728.21533	15.886789	1655.0381	28.719128	1693.3984	1614.104	1767.0963	22.656431	1796.844	1730.5393	2806.0723	40.78855	2858.5276	2761.1243	2853.0405	34.934856	2898.9414	2814.233	10664.544690847397
48	5728.84	68.74614	5809.41	5637.621	7836.7764	68.92387	7942.385	7731.139	1000.0	1000.0	240000	728.5753	98.59052	839.79047	365.2441	-731.48456	15.584925	1619.8416	48.14474	1706.3214	1561.8885	1739.8333	39.830734	1810.561	1692.593	2757.8489	62.00367	2869.3838	2683.6367	2807.041	57.846275	2911.897	2737.0168	10897.652988433838
49	5593.551	210.2409	5896.823	5252.0728	7439.6797	88.95285	7600.5273	7339.691	1000.0	1000.0	245000	731.6069	99.15833	833.3698	358.3569	-734.5427	15.056306	1699.6848	40.473442	1760.2428	1650.3876	1817.5154	34.963215	1870.7367	1773.8306	2827.1533	48.579376	2898.5513	2770.9182	2878.3816	44.030216	2944.1	2825.7114	11127.61227107048
50	5511.7217	138.31012	5751.933	5369.3457	7654.482	80.92983	7846.2847	7551.2563	1000.0	1000.0	250000	734.985	98.88892	834.7115	361.81122	-737.8776	15.0594845	1678.0121	55.859783	1754.9258	1592.9126	1798.3049	49.906517	1867.3032	1723.666	2802.33	59.273994	2882.5222	2708.2717	2855.397	56.559566	2931.8982	2765.1313	11359.025135755539
51	5687.37	93.87978	5748.7397	5500.842	7590.211	41.493267	7671.4565	7521.541	1000.0	1000.0	255000	737.83154	99.003136	837.8296	355.40915	-740.5483	14.401275	1683.8043	33.394638	1738.0087	1644.2035	1799.567	33.589043	1856.1208	1759.9219	2819.176	27.028507	2859.7957	2789.4067	2870.1047	27.539661	2911.686	2838.8235	11589.581077814102
52	5814.4224	239.96812	6097.5303	5426.7095	7509.9023	47.137165	7593.1753	7405.7593	1000.0	1000.0	260000	740.5617	100.53261	842.07336	353.44052	-743.6312	14.557153	1686.2063	35.03389	1743.7896	1643.8549	1802.508	29.619328	1849.0985	1767.6378	2821.8013	43.287632	2896.818	2765.7834	2872.92	38.33262	2939.3142	2824.7717	11819.58294224739
53	5779.6313	126.36933	5986.9365	5632.7637	7473.0483	121.66865	7635.191	7285.3687	1000.0	1000.0	265000	742.72217	102.83591	848.21765	337.9204	-745.5865	14.537988	1690.0618	54.481236	1748.1422	1620.5398	1797.8049	46.197704	1848.8074	1735.0107	2848.6953	66.712456	2924.12	2769.2344	2892.7014	62.35126	2960.6174	2819.4583	12051.020190000534
54	5787.591	81.76712	5896.577	5670.3213	7897.5713	109.000206	8172.78	7774.4277	1000.0	1000.0	270000	745.4488	103.66238	847.95044	329.31998	-748.1692	14.366805	1741.0553	28.190508	1792.5741	1706.4474	1845.9769	23.98326	1892.1588	1821.9597	2895.6985	37.0006	2952.5212	2838.4204	2938.9634	33.911057	2992.3425	2886.66	12277.213545322418
55	5931.386	181.47505	6124.561	5617.5635	7566.1904	93.20621	7761.535	7411.6997	1000.0	1000.0	275000	747.342	105.65289	849.42194	322.016	-750.0258	14.324195	1742.4238	22.933771	1771.514	1716.1891	1846.6931	20.179888	1870.51	1818.2794	2899.6265	31.59517	2941.7063	2848.3086	2942.001	27.866901	2980.3103	2899.4905	12507.202294588089
56	5624.798	119.03622	5738.4194	5414.814	7859.7773	67.26675	7984.234	7781.3237	1000.0	1000.0	280000	749.7248	106.3591	852.4525	314.51334	-752.6234	14.8163185	1725.3337	55.678097	1789.4779	1637.6855	1838.7825	46.57675	1893.9983	1764.9248	2861.091	71.70831	2938.9673	2748.129	2911.393	64.28614	2981.812	2812.3542	12740.069155693054
57	5837.9697	114.21428	6046.465	5708.786	7866.362	103.54843	8084.6562	7725.8164	1000.0	1000.0	285000	752.5401	106.15517	854.2907	316.7401	-755.4794	14.864748	1793.9404	44.907593	1860.1088	1737.8175	1899.1345	45.681526	1966.3387	1843.0469	2936.2437	32.439865	2982.5503	2893.6377	2982.735	34.63628	3032.4507	2938.4768	12972.97902750969
58	5713.825	74.60904	5816.8345	5588.2173	7565.668	198.60245	7906.486	7277.5986	1000.0	1000.0	290000	756.24695	103.09903	882.64496	326.63953	-759.30176	14.942666	1737.2043	58.711994	1810.865	1648.8267	1847.8754	48.336082	1911.2034	1773.2839	2874.98	77.45336	2963.9336	2763.4907	2925.1653	69.61232	3004.7612	2824.1494	13203.533846139908
59	5910.6216	132.92844	6075.3804	5727.0977	7718.997	127.56481	7958.8687	7550.58	1000.0	1000.0	295000	759.49695	101.58479	906.126	334.6981	-762.2521	14.446445	1696.7288	50.234028	1780.1516	1635.6093	1808.1924	45.668537	1887.4578	1748.5613	2840.7517	58.479176	2918.745	2789.9812	2890.9744	52.753773	2967.9856	2840.1938	13432.632109642029
60	5811.953	74.86679	5907.122	5712.017	8037.1274	105.795654	8200.3545	7897.778	1000.0	1000.0	300000	762.3902	100.81021	918.4997	296.2728	-765.2735	15.067869	1699.4135	20.35052	1720.0721	1662.4701	1809.4387	14.009473	1821.4022	1781.9669	2848.1729	39.912365	2906.117	2791.2458	2896.56	32.464264	2941.8403	2846.5542	13663.777892112732
61	5906.288	179.10823	6185.048	5660.6235	7824.404	66.26605	7971.008	7747.342	1000.0	1000.0	305000	764.98267	100.232155	894.67474	318.0487	-768.0749	14.597105	1710.5684	54.47303	1769.5259	1630.5216	1829.6002	47.64023	1882.6385	1766.2468	2833.0366	66.02548	2900.7795	2720.0989	2886.993	59.735718	2948.4407	2788.7744	13895.767171144485
62	5871.626	36.0148	5909.0654	5815.253	8028.525	145.03427	8271.922	7700.6416	1000.0	1000.0	310000	767.5347	99.97337	929.1337	342.10638	-770.4332	14.420279	1726.013	39.982796	1789.939	1679.0566	1840.1204	36.567963	1900.2007	1800.1146	2859.443	42.240547	2921.8865	2804.947	2910.244	40.44236	2972.2146	2862.0884	14127.6326110363
63	5867.0356	83.24624	6012.9697	5763.858	8119.272	126.51578	8318.918	7861.3037	1000.0	1000.0	315000	769.7583	100.207146	933.9496	342.71127	-772.684	15.4504175	1762.7424	39.274117	1809.2911	1694.0049	1870.9066	35.222088	1915.2323	1813.7183	2901.474	45.16147	2944.9363	2815.0237	2952.5142	42.49794	2995.9607	2873.012	14359.77936410904
64	6013.7407	119.93161	6165.9355	5871.329	8079.521	102.16505	8276.178	7917.792	1000.0	1000.0	320000	772.69324	100.34955	968.6819	335.242	-775.5156	15.532856	1745.657	46.395878	1826.4824	1685.589	1858.7683	43.983612	1931.1511	1795.0117	2876.2058	46.19331	2961.575	2837.2156	2928.699	44.023117	3009.8743	2886.5896	14587.53615117073
65	5646.5156	591.8936	6078.4976	4477.4976	8112.3623	119.36201	8379.724	7897.9062	1000.0	1000.0	325000	774.5154	102.6285	967.12964	323.51486	-777.2386	15.413323	1870.1799	68.94699	1989.5834	1797.072	1972.5095	69.98462	2095.7153	1898.6415	2997.8794	43.234592	3061.5854	2949.5576	3048.3975	47.088844	3120.841	2994.957	14818.867622613907
66	5970.276	148.61037	6168.0786	5751.681	8285.873	88.859116	8420.031	8108.294	1000.0	1000.0	330000	776.0952	105.70833	950.832	298.9975	-778.9448	15.462227	1813.65	37.77402	1869.2312	1759.723	1918.2324	33.402218	1964.3888	1868.9865	2950.8794	42.161274	3018.4265	2893.0188	3000.4602	40.79435	3066.2136	2945.6792	15047.894633769989
67	5903.185	135.39917	6069.794	5670.8154	8158.1797	80.04242	8335.912	8032.428	1000.0	1000.0	335000	777.03503	109.45461	913.2579	267.36514	-780.14795	15.448419	1787.7598	58.915157	1852.9323	1699.552	1894.0472	52.225292	1953.0013	1823.0914	2926.9912	69.46796	2996.3074	2807.471	2976.1096	64.40066	3042.4167	2869.2913	15281.086784362793
68	6135.044	101.727936	6324.861	6049.921	8034.4087	545.4687	8473.493	6442.1924	1000.0	1000.0	340000	777.8199	113.871475	883.29816	253.80852	-780.6982	15.819022	1797.4596	27.026203	1830.5629	1751.2903	1907.5547	24.1937	1938.8193	1866.8359	2923.268	29.728664	2951.302	2869.9468	2976.479	27.721584	3003.9524	2926.9622	15512.807698965073
69	6061.5312	200.28957	6341.7363	5730.0205	8236.617	637.77277	8610.052	6376.1543	1000.0	1000.0	345000	780.12115	114.86106	887.8098	255.49893	-782.8555	16.32057	1792.281	36.01774	1853.2944	1748.5787	1904.4664	34.681614	1962.6289	1861.6885	2910.0142	32.34684	2965.111	2870.511	2965.8772	31.149813	3019.0342	2928.0132	15741.812749624252
70	6040.966	212.6484	6446.8286	5836.3745	8070.836	134.37761	8375.425	7912.423	1000.0	1000.0	350000	783.0778	115.2226	890.84576	242.75722	-785.9183	16.564348	1810.9131	32.167965	1848.6855	1767.8895	1916.0671	31.223955	1954.7925	1871.3259	2948.6558	29.573938	2978.9001	2906.7341	2996.934	29.760538	3027.1406	2957.9358	15973.654446601868
71	6012.04	118.83445	6182.6943	5846.1514	8333.167	464.8314	8656.592	6982.4937	1000.0	1000.0	355000	786.669	114.42794	894.99335	243.29794	-789.6457	16.981554	1852.199	82.36708	1997.3645	1743.5864	1958.8754	74.78067	2089.5933	1859.0598	2972.6724	84.292564	3120.6006	2862.8171	3024.8806	80.072205	3165.2546	2919.6138	16204.97058224678
72	5517.62	925.167	6083.21	3672.5393	8399.627	78.674614	8552.689	8292.75	1000.0	1000.0	360000	789.8885	112.5405	895.85974	268.93176	-792.8071	17.341543	1868.0891	152.06404	2164.1401	1744.4912	1973.1946	147.5535	2262.1575	1858.6874	2986.9805	121.3189	3214.445	2870.4534	3037.3562	123.460846	3271.5374	2922.635	16435.91531419754
73	6010.907	152.65073	6206.211	5773.17	8324.389	124.787094	8459.864	8043.705	1000.0	1000.0	365000	793.41754	108.864624	899.41925	289.9482	-796.5239	17.231947	1800.9221	27.955112	1839.1283	1773.2323	1912.1953	28.925566	1954.4902	1883.8147	2918.6633	20.683826	2951.0317	2899.144	2973.3052	22.114077	3003.7625	2952.748	16666.087970256805
74	5957.7827	85.61406	6060.2207	5844.421	8000.275	316.09952	8473.788	7300.16	1000.0	1000.0	370000	795.98517	108.2832	902.085	287.197	-798.9993	16.650377	1891.1774	57.68723	1951.4952	1788.2645	1993.1726	52.357952	2048.4072	1901.0255	3015.67	60.43234	3074.8433	2906.3281	3064.4006	58.328026	3125.8345	2960.4246	16894.110716342926
75	6060.9883	119.0866	6174.567	5906.576	8480.232	401.2118	8802.44	7598.0664	1000.0	1000.0	375000	798.55994	108.0744	904.746	277.61768	-801.5269	17.041735	1862.8625	50.4618	1942.7716	1800.3851	1962.7867	43.73514	2033.2412	1911.8776	3000.8198	60.937695	3091.8845	2916.4382	3046.3638	56.01597	3131.557	2971.544	17125.30024766922
76	5722.6157	484.34354	6233.065	4801.3906	8540.753	100.40667	8705.923	8355.138	1000.0	1000.0	380000	801.66785	106.81086	907.8466	270.47742	-804.70807	17.15021	1874.3259	22.558567	1910.26	1845.5212	1981.6287	28.895819	2032.6859	1947.3018	2984.715	20.619516	3019.96	2957.43	3037.905	16.058022	3067.5842	3024.3977	17353.503232955933
77	5913.419	209.21678	6101.4375	5511.973	8714.279	94.88987	8886.731	8550.798	1000.0	1000.0	385000	804.7917	104.32784	911.0125	318.10333	-807.87665	17.879435	1930.3099	38.372772	1974.0555	1879.7561	2029.9528	34.766228	2070.4045	1984.653	3053.6655	40.661453	3096.0974	2997.031	3100.534	38.14854	3142.0164	3047.9402	17584.09268641472
78	6229.9663	96.28991	6325.692	6060.6177	8388.899	59.080242	8471.726	8272.176	1000.0	1000.0	390000	808.02454	101.5662	912.80365	331.58792	-811.0614	16.633362	1882.8494	43.518475	1934.693	1831.1547	1982.6638	36.613956	2027.597	1947.3464	3017.5295	56.60235	3082.4514	2930.5115	3062.1753	50.278896	3120.9763	2989.0637	17815.72285437584
79	6035.986	145.37364	6263.3604	5821.8735	7102.0244	2421.3499	8503.103	581.22614	1000.0	1000.0	395000	810.4729	101.71559	923.081	335.24478	-813.3417	17.249414	1863.1566	65.74739	1979.0153	1796.9791	1969.9528	54.823265	2068.5076	1914.3186	2978.8105	84.52638	3120.8928	2897.962	3029.2183	76.63648	3160.213	2956.9338	18049.218735933304
80	6202.1963	144.49068	6446.218	6041.6206	8435.768	117.89172	8559.354	8141.8867	1000.0	1000.0	400000	813.5469	101.03402	926.10925	335.22815	-816.6563	16.83156	1859.8043	54.221706	1941.9858	1771.3167	1969.1243	46.90936	2042.0446	1894.2084	2970.472	66.19975	3055.8997	2861.6863	3022.6948	59.33557	3102.837	2925.21	18280.866273641586
81	6049.966	224.65924	6386.997	5799.665	8266.361	71.040245	8352.105	8160.5796	1000.0	1000.0	405000	816.88135	99.523964	929.2241	346.26245	-819.7687	17.273148	1876.2799	41.238213	1939.3667	1828.1368	1987.0621	35.59524	2044.4281	1946.8802	2977.4062	47.25455	3040.7036	2917.0535	3031.5645	44.06314	3092.6606	2977.6318	18511.552978515625
82	6059.426	143.02037	6262.034	5826.3647	8562.446	65.695656	8676.206	8440.191	1000.0	1000.0	410000	820.33484	97.87794	930.09924	353.9194	-823.1963	17.078484	1873.3269	29.14484	1908.9049	1831.2213	1987.3939	26.918423	2021.514	1948.4594	2965.5017	29.43534	2997.839	2924.0227	3022.5554	28.05244	3054.4358	2982.0454	18744.03505706787
83	5998.3174	280.13834	6369.222	5571.39	8379.642	89.27105	8546.448	8240.152	1000.0	1000.0	415000	822.9703	98.09098	934.39154	350.84915	-826.1002	17.519423	1919.1311	31.301243	1954.605	1867.8018	2020.5303	26.891428	2053.6519	1976.2289	3037.023	36.718273	3072.9534	2978.7656	3085.6252	32.86189	3117.128	3031.9102	18973.474266290665
84	6193.874	182.55775	6498.179	5949.92	8269.235	952.0307	8817.522	5677.0957	1000.0	1000.0	420000	825.2166	100.147415	939.7495	330.2751	-828.3875	18.11541	1893.9924	20.957266	1919.5125	1859.8446	2005.268	17.279135	2026.5447	1980.4913	2988.6892	29.974545	3019.832	2936.2664	3046.9143	25.958174	3074.5166	3000.5728	19201.857708215714
85	6256.579	199.33533	6492.6064	5925.3945	8322.725	83.59074	8429.073	8156.221	1000.0	1000.0	425000	827.6756	101.51385	940.8346	324.30014	-831.0756	18.358368	1949.0713	24.00499	1988.058	1921.648	2054.5735	23.302986	2095.1904	2030.7397	3049.0269	26.026257	3077.2625	3018.0295	3101.2432	25.062674	3131.611	3071.8281	19433.3170273304
86	6193.9033	184.67932	6390.0415	5879.677	8691.755	95.126625	8852.917	8478.38	1000.0	1000.0	430000	831.39703	100.326546	944.5706	344.81708	-834.5544	17.98924	1915.3281	42.742195	1949.002	1834.7572	2028.9688	36.418133	2054.733	1957.8945	2997.109	54.953663	3048.657	2906.0002	3057.6306	49.292202	3104.89	2973.1243	19665.031291484833
87	6241.3936	110.8371	6378.97	6056.693	8389.759	1112.2969	9043.167	5154.562	1000.0	1000.0	435000	835.194	98.68831	949.69763	352.3657	-838.4728	18.182716	1921.9844	40.457214	1985.2439	1884.4247	2035.425	32.855713	2089.18	2002.7992	3002.9854	54.16761	3079.7317	2955.6763	3063.4934	49.283386	3135.4514	3022.2275	19899.788874149323
88	5520.448	1416.1737	6363.298	2693.1277	8204.426	291.6253	8598.41	7706.17	1000.0	1000.0	440000	837.4463	99.759315	953.16833	344.98727	-840.6852	18.599813	2023.3492	49.682983	2057.205	1924.663	2134.5308	48.008842	2190.933	2045.5913	3077.534	81.928055	3157.4038	2974.98	3143.2056	63.61571	3204.3337	3048.4207	20134.434011936188
89	6174.3125	212.36804	6430.337	5909.9805	7582.8467	1982.6614	8789.764	2626.1052	1000.0	1000.0	445000	839.80457	101.67458	953.3487	312.21518	-842.7672	19.751678	1967.0928	46.08083	2025.479	1910.1571	2075.1685	42.901257	2126.1182	2023.3207	3051.8862	44.779827	3117.841	2993.627	3108.4507	43.283638	3171.4998	3053.4849	20367.220512866974
90	6162.508	60.583614	6238.2256	6097.0347	8345.069	1307.5941	9001.2295	4442.839	1000.0	1000.0	450000	842.43353	103.76294	959.9738	333.03787	-845.5156	19.011343	2003.8728	41.737236	2065.4133	1953.696	2107.5571	38.982105	2161.2463	2055.6833	3092.3389	44.40586	3159.0117	3043.2659	3147.354	40.988216	3210.7385	3102.7764	20600.97046303749
91	6132.0405	138.96132	6255.168	5919.1865	8077.589	1187.6202	8776.086	4925.445	1000.0	1000.0	455000	845.1446	104.57412	960.7296	300.2936	-848.367	19.900002	2031.6943	24.503603	2061.6516	2005.72	2132.9048	20.652094	2160.717	2111.4653	3120.7424	34.018066	3165.0657	3068.2407	3174.4985	29.037426	3211.9124	3133.0032	20834.940846920013
92	6179.0205	170.70384	6459.5693	5951.115	8131.6265	1574.7407	9066.302	4939.173	1000.0	1000.0	460000	847.9582	105.18529	963.79004	308.08316	-850.8273	19.90542	2023.1621	40.440445	2088.8652	1966.9814	2129.5989	29.750534	2178.3376	2090.1804	3095.8892	62.04856	3194.9285	3005.7134	3153.916	52.71871	3235.8696	3075.148	21068.72324538231
93	5533.6196	1242.7279	6420.541	3064.1917	8721.799	120.87541	8882.772	8524.999	1000.0	1000.0	465000	851.0352	105.30541	966.5452	308.84213	-854.5582	19.745537	2049.0237	57.65923	2158.6687	1987.3411	2155.9436	51.014957	2244.3079	2092.638	3109.1685	86.873825	3259.6929	2990.6626	3171.5142	72.485794	3305.2734	3089.9824	21301.931314468384
94	6002.574	339.29865	6324.044	5414.3813	8188.087	106.375435	8367.512	7957.412	1000.0	1000.0	470000	853.5844	106.71274	968.0327	301.3134	-856.9874	20.529024	2038.3617	52.406483	2124.136	1973.9084	2148.5474	43.538017	2215.022	2097.1743	3094.5774	67.53963	3215.1965	3011.06	3158.0212	60.810257	3265.6885	3082.4155	21535.95229768753
95	6226.6807	201.70949	6582.9697	6004.3013	8141.6655	1621.0225	9052.931	3907.1443	1000.0	1000.0	475000	856.937	106.50911	972.89545	291.74368	-860.2874	20.909859	2017.2416	42.067917	2074.2856	1961.5841	2131.9084	39.01452	2184.3008	2080.0203	3065.2515	42.93768	3121.68	3011.1655	3132.4424	40.11161	3186.4226	3080.665	21770.919214487076
96	5726.7397	559.7451	6296.076	4665.802	8696.195	588.8047	9165.28	6963.6104	1000.0	1000.0	480000	859.89935	106.49352	978.9478	256.91638	-863.2518	20.567478	2011.0632	73.30743	2097.3982	1891.9681	2125.7957	67.79754	2203.89	2020.0265	3059.9604	77.40825	3178.003	2934.6985	3127.1875	71.35	3230.7136	3009.0002	22001.566279411316
97	6058.254	189.9973	6249.17	5766.4575	9051.082	95.14008	9173.254	8864.463	1000.0	1000.0	485000	862.03564	107.3916	979.49805	290.42755	-865.6219	21.58444	2006.3024	56.747974	2099.4795	1944.3395	2121.1665	48.184563	2195.6772	2063.965	3057.4626	70.46097	3186.017	2997.9463	3124.0366	63.592255	3236.7217	3065.6782	22235.10999560356
98	6312.8374	156.01842	6518.9165	6037.444	8528.952	508.94772	8859.838	7058.098	1000.0	1000.0	490000	864.96344	108.51044	992.49176	284.3567	-868.3098	21.681406	1962.1332	40.478695	2033.5123	1910.2743	2081.8235	37.798492	2146.2485	2031.3044	3009.9028	38.394028	3083.007	2970.4778	3078.7886	37.516205	3149.4517	3038.392	22467.435482501984
99	6047.749	175.3344	6346.5522	5839.3564	6360.42	2702.5405	8848.052	989.7456	1000.0	1000.0	495000	868.3368	107.429794	996.6737	260.87814	-871.9249	22.88508	1993.5703	16.703169	2021.121	1975.8264	2107.5938	13.875034	2129.7751	2091.9155	3048.9849	21.276814	3085.3723	3026.3564	3114.0227	18.850428	3144.8193	3093.3186	22705.309401750565
