Epoch	AverageEpRet	StdEpRet	MaxEpRet	MinEpRet	AverageTestEpRet	StdTestEpRet	MaxTestEpRet	MinTestEpRet	EpLen	TestEpLen	TotalEnvInteracts	AverageQ1Vals	StdQ1Vals	MaxQ1Vals	MinQ1Vals	AverageQ2Vals	StdQ2Vals	MaxQ2Vals	MinQ2Vals	LossPi	LossQ	Time
1	-308.72165	26.22098	-275.68796	-355.01025	-595.51996	0.68800825	-594.2466	-596.489	1000.0	1000.0	5000	2.1473153	2.4377303	15.65014	-6.4959736	2.1477	2.4379253	15.668989	-8.685702	-3.2066257	0.38407636	48.89807629585266
2	-288.94714	122.241425	-142.1636	-509.4518	-558.46063	18.78695	-530.7461	-587.0218	1000.0	1000.0	10000	7.930105	5.806587	29.406298	-7.0645056	7.9301476	5.807971	29.157806	-7.1850805	-9.638112	0.8977496	93.99171209335327
3	-274.79718	354.02063	419.59525	-504.34717	-327.71356	257.77106	379.84274	-526.3072	1000.0	1000.0	15000	13.700086	7.469339	43.79723	-9.234982	13.700332	7.46942	43.437958	-8.947468	-15.230212	1.7792174	142.29775428771973
4	40.70464	531.9648	971.1475	-370.44547	51.28523	379.63464	639.05835	-414.18097	1000.0	1000.0	20000	17.637041	12.899159	63.231236	-9.106482	17.636957	12.898884	59.971703	-8.388139	-19.332226	2.1363127	189.44035005569458
5	810.9795	634.6781	1346.4344	-62.45071	1737.3318	123.41842	1968.6497	1534.4406	1000.0	1000.0	25000	23.07034	18.708687	71.12514	-25.692867	23.07033	18.708248	70.38221	-23.436056	-24.544207	2.846192	234.02634811401367
6	2002.1656	223.18936	2274.2551	1787.4683	2421.0479	166.59679	2731.444	2118.6675	1000.0	1000.0	30000	34.004402	24.579332	96.858734	-23.814955	34.004463	24.578695	97.06517	-23.59507	-35.62126	3.807107	279.78360414505005
7	2829.785	372.54962	3266.7312	2306.314	2408.5422	815.199	3164.4011	742.5992	1000.0	1000.0	35000	49.646816	30.984066	128.04514	-22.50058	49.646572	30.98282	129.72775	-22.808947	-51.4432	5.504803	325.15380215644836
8	2603.784	1414.1901	3913.389	-116.21084	2550.9407	1543.9469	3860.278	-417.43344	1000.0	1000.0	40000	66.52073	40.19853	172.89008	-27.728258	66.52084	40.196987	172.46236	-28.08201	-68.586716	8.873126	368.8264961242676
9	3475.2056	938.9563	4211.8613	1717.9622	4058.095	819.1939	4621.7183	1669.5674	1000.0	1000.0	45000	86.71332	51.774475	203.63806	-41.620686	86.71357	51.7716	204.33766	-41.536198	-88.8877	12.847552	414.9182322025299
10	4019.8833	272.84473	4357.4204	3533.6882	3674.4734	1806.7498	4895.5435	-185.36519	1000.0	1000.0	50000	109.02595	63.12968	237.14813	-53.839634	109.02585	63.127754	239.8198	-52.69159	-111.6812	16.560017	466.2386860847473
11	4415.056	74.520386	4555.3955	4344.099	4954.629	121.10092	5173.02	4791.5093	1000.0	1000.0	55000	133.03758	72.912834	265.75162	-56.729267	133.03749	72.909935	264.5457	-57.09653	-135.80334	20.464691	514.7558221817017
12	4647.2275	125.26867	4787.2383	4430.7793	5134.2544	95.18851	5349.483	5009.145	1000.0	1000.0	60000	157.51288	80.74197	289.1537	-55.715706	157.51266	80.7405	287.07724	-54.997036	-160.2463	22.535719	563.2961270809174
13	3612.0151	1898.5851	5079.361	228.78708	5208.117	132.72206	5363.8394	4917.7266	1000.0	1000.0	65000	179.05133	87.977875	321.05664	-75.701065	179.05112	87.97555	321.03912	-70.00556	-182.185	24.496674	610.0466020107269
14	4486.8687	521.58777	4909.468	3473.3171	5091.538	108.07832	5321.3516	4901.6064	1000.0	1000.0	70000	196.36009	96.652176	343.19553	-79.969406	196.36005	96.65077	344.74008	-78.768684	-199.38025	27.714088	656.9659452438354
15	4879.4907	200.00209	5178.323	4670.627	5575.778	180.5648	5833.079	5223.9653	1000.0	1000.0	75000	215.38701	101.841095	360.20636	-98.35882	215.38702	101.8391	359.08334	-106.38255	-218.29778	32.129467	707.1733522415161
16	5190.85	141.81775	5304.284	4938.913	5544.032	130.26099	5741.351	5330.703	1000.0	1000.0	80000	233.96085	106.50347	374.68063	-107.39985	233.96033	106.50256	377.36523	-106.20057	-236.77765	32.634254	757.3035173416138
17	5337.0547	174.45691	5630.5195	5160.7446	5454.6416	900.2605	6006.273	2801.6243	1000.0	1000.0	85000	251.81981	109.65091	393.8016	-81.99421	251.81998	109.6499	395.23245	-78.06329	-254.60886	32.38123	808.1769840717316
18	5590.9165	125.51421	5782.0312	5426.752	6174.43	125.506935	6435.911	5950.9424	1000.0	1000.0	90000	268.51132	112.520515	416.03012	-73.93195	268.51096	112.51996	416.10376	-76.99015	-271.44595	32.893	856.9986362457275
19	5807.6514	143.87102	5935.727	5533.791	6115.4546	154.73839	6401.284	5929.4473	1000.0	1000.0	95000	284.94604	115.26236	431.25824	-75.3634	284.9461	115.26099	432.6313	-72.19911	-288.012	33.56433	906.1275081634521
20	5132.2847	874.4213	5746.7153	3426.4956	6009.5234	620.9518	6370.889	4172.2944	1000.0	1000.0	100000	299.93665	118.269714	456.81757	-72.56707	299.93692	118.26821	459.1593	-71.20342	-302.94098	35.735077	956.6716921329498
21	5788.8936	90.3342	5932.363	5690.4644	6190.5903	115.49286	6282.0986	5905.596	1000.0	1000.0	105000	313.31723	122.1064	464.74414	-91.41713	313.31757	122.104416	464.80212	-89.465385	-316.1894	40.33763	1006.2918682098389
22	5926.024	180.16353	6168.0903	5662.31	6206.6304	158.56334	6537.0635	5979.545	1000.0	1000.0	110000	326.7988	125.12276	475.97668	-84.27589	326.7992	125.12069	475.1487	-92.0986	-329.49985	41.963573	1055.3861193656921
23	6042.348	32.62697	6099.8184	6013.9136	6360.962	93.56104	6519.5356	6218.6284	1000.0	1000.0	115000	340.34906	126.04847	486.01218	-98.96554	340.34982	126.045494	483.4126	-87.77975	-343.49673	42.762608	1103.737641096115
24	5219.7607	1381.9531	6224.147	2477.5698	6381.4365	92.716225	6495.7407	6223.729	1000.0	1000.0	120000	351.5135	128.18582	493.79034	-107.47748	351.51385	128.18362	494.76248	-117.58714	-354.58414	43.284515	1152.100592136383
25	6130.759	87.15241	6291.992	6036.432	6484.5947	99.43186	6649.506	6305.136	1000.0	1000.0	125000	361.32318	130.88028	502.78607	-127.45091	361.32306	130.87895	501.392	-123.50149	-364.521	43.357376	1202.9245901107788
26	6221.548	135.38466	6439.5415	6012.6777	6428.6597	117.504616	6607.0503	6249.7295	1000.0	1000.0	130000	372.13434	132.13036	508.6282	-126.0317	372.13458	132.1292	511.19128	-134.94539	-374.8143	43.096523	1251.6165640354156
27	6120.5244	72.25171	6174.792	5978.189	6778.1143	94.10822	6920.3706	6660.1743	1000.0	1000.0	135000	381.60678	133.44533	522.4291	-132.96826	381.60693	133.44412	520.6821	-128.51851	-384.30365	41.7884	1301.4414930343628
28	6213.5103	160.69073	6420.1606	5959.122	6647.426	99.86411	6805.115	6449.477	1000.0	1000.0	140000	390.70438	134.004	524.90045	-143.90872	390.70435	134.0026	528.28455	-145.39711	-393.44803	44.173782	1351.7824232578278
29	6287.3164	108.79915	6390.756	6114.977	6677.0767	230.48906	6934.1523	6318.192	1000.0	1000.0	145000	399.98495	133.57063	533.8201	-133.18591	399.98462	133.57057	534.5343	-122.93347	-402.72144	43.55082	1400.7277982234955
30	6252.474	141.79779	6424.911	5999.5996	6437.7544	74.550896	6534.066	6265.918	1000.0	1000.0	150000	407.33594	133.91472	546.26654	-99.26869	407.3361	133.91444	542.33856	-104.817924	-409.8661	43.834774	1446.9478373527527
31	6367.872	185.33672	6627.29	6051.9956	5957.8145	1468.4081	6568.464	1562.4369	1000.0	1000.0	155000	415.19052	133.28593	556.7736	-117.95929	415.19022	133.28496	555.69977	-116.42347	-417.6722	41.5414	1496.5061161518097
32	6402.1855	193.98322	6587.739	6063.5186	6753.9805	107.42798	6880.358	6519.083	1000.0	1000.0	160000	422.23337	133.33502	557.67566	-133.72923	422.23315	133.33527	556.2875	-121.19767	-425.0458	42.52552	1546.633949995041
33	6340.678	98.06533	6467.8945	6184.6323	6772.918	128.61543	6937.271	6510.4395	1000.0	1000.0	165000	429.2572	133.02654	565.3439	-154.87459	429.25745	133.02725	563.1036	-205.76721	-431.8934	41.364765	1596.8257851600647
34	6481.1772	145.99113	6634.3955	6294.8213	6717.88	148.5559	6928.7627	6441.9707	1000.0	1000.0	170000	436.04666	132.23053	572.46295	-143.52023	436.04678	132.23006	569.8812	-158.19916	-438.5323	41.894005	1648.5668301582336
35	6476.772	153.14655	6646.4463	6239.975	6930.3193	90.13241	7040.577	6768.5474	1000.0	1000.0	175000	442.1928	131.88075	571.67975	-147.43558	442.1919	131.8811	571.3332	-144.05774	-444.7555	41.06595	1700.7718152999878
36	6438.641	77.831604	6551.252	6316.2764	6660.001	192.20132	6854.487	6193.529	1000.0	1000.0	180000	447.7918	131.86722	577.18	-128.07497	447.79184	131.86845	574.5068	-107.18067	-450.3165	42.531513	1751.1400923728943
37	6304.1123	286.65903	6594.6997	5755.505	6968.548	81.50443	7126.0103	6869.331	1000.0	1000.0	185000	453.24625	131.7544	583.0612	-140.73192	453.24628	131.75476	583.77014	-131.28856	-455.6915	43.269424	1801.8511281013489
38	6594.8687	75.501915	6672.6226	6464.4556	6944.8423	158.99156	7164.2295	6664.8794	1000.0	1000.0	190000	458.53156	131.74095	583.5366	-110.804596	458.5314	131.74066	582.59015	-94.655785	-460.8222	42.541336	1852.2854661941528
39	6637.461	142.19856	6776.3535	6380.763	6952.0454	142.97603	7208.6055	6748.3506	1000.0	1000.0	195000	463.5835	131.22852	587.9667	-71.163	463.5831	131.22853	588.1544	-66.22578	-466.0139	41.272503	1902.1508150100708
40	6660.214	218.3778	6994.46	6423.331	7033.2944	77.26286	7117.992	6892.4497	1000.0	1000.0	200000	468.487	130.4385	591.2044	-82.61834	468.48712	130.43869	589.91956	-73.086716	-470.89624	41.31428	1951.9801971912384
41	6663.032	166.72472	6986.3833	6535.262	7251.5117	166.76564	7560.1006	7027.794	1000.0	1000.0	205000	473.20712	129.98947	594.63245	-94.82046	473.20706	129.99092	597.3326	-80.86651	-475.4524	41.320625	2002.1438601016998
42	6653.172	140.93587	6833.1035	6488.3496	6990.6104	234.33218	7318.0747	6448.3574	1000.0	1000.0	210000	477.93478	128.59987	606.05035	-118.79198	477.9343	128.60054	601.5797	-112.94199	-480.4626	40.56797	2052.0839681625366
43	6810.142	211.3994	7150.9834	6511.6797	7153.462	119.82345	7441.053	6972.756	1000.0	1000.0	215000	483.27902	126.44427	608.9748	-136.46939	483.27863	126.44272	606.93207	-100.05894	-485.6508	41.898327	2100.5431480407715
44	6804.8877	107.62264	6971.847	6668.0356	6923.4116	282.21774	7320.3364	6359.334	1000.0	1000.0	220000	487.53946	125.06245	614.44824	-86.73776	487.5393	125.063034	613.87427	-94.15658	-490.08176	39.506115	2151.810579061508
45	6523.27	478.7506	7023.976	5633.544	7051.177	137.957	7293.8813	6730.2695	1000.0	1000.0	225000	492.05423	123.51164	616.76984	-104.2167	492.05362	123.51425	615.16266	-109.27611	-494.44666	42.81351	2202.707695245743
46	6729.8154	66.190575	6803.1855	6619.7217	7426.882	144.84271	7647.623	7188.1504	1000.0	1000.0	230000	496.13654	122.17869	618.79034	-93.30353	496.13617	122.178314	619.1361	-103.0143	-498.7005	47.501118	2251.36661195755
47	6837.104	102.63809	7008.3296	6715.365	7258.214	133.00421	7402.5874	7028.334	1000.0	1000.0	235000	501.0033	118.15808	622.0662	-85.84303	501.00238	118.1588	621.9538	-96.77511	-502.8021	50.69366	2300.245879173279
48	6832.7593	106.79586	6981.9097	6698.4824	7185.2188	204.42123	7549.504	6941.7266	1000.0	1000.0	240000	505.68964	113.13549	624.51746	-99.563484	505.6896	113.133995	622.74414	-111.70118	-508.2101	49.58266	2352.2991030216217
49	6886.3813	192.74196	7103.7305	6548.964	7212.5938	360.52762	7594.539	6447.2964	1000.0	1000.0	245000	509.605	109.29376	627.78827	-65.855545	509.604	109.29574	627.6936	-81.11655	-511.8459	47.53355	2405.1680719852448
50	6554.0483	527.5001	6974.179	5600.246	7458.0947	122.79309	7615.659	7240.2896	1000.0	1000.0	250000	513.3675	108.74755	632.0932	-49.818153	513.3678	108.74685	630.9369	-40.501053	-515.60626	45.739	2455.7706532478333
51	6945.6514	135.11423	7180.861	6806.029	6937.172	1743.4353	7690.052	1718.6857	1000.0	1000.0	255000	516.15906	109.507355	636.03217	-39.941036	516.15875	109.50553	635.5046	-47.676933	-518.5408	48.689556	2509.1146743297577
52	6880.9697	178.58907	7156.851	6639.761	7419.083	183.86191	7665.0054	7016.814	1000.0	1000.0	260000	519.4511	108.80017	637.87213	-16.071632	519.4504	108.80071	637.91534	-55.983635	-521.6607	49.26601	2561.855085134506
53	6886.4873	192.18459	7128.251	6591.4727	7671.565	139.03644	7869.388	7476.952	1000.0	1000.0	265000	522.6168	108.49976	638.70386	-21.75305	522.6165	108.50102	638.61127	-22.27299	-524.8648	45.8308	2614.372423171997
54	7029.747	130.78264	7229.8506	6841.281	7644.7773	119.54806	7866.111	7495.325	1000.0	1000.0	270000	525.8273	108.01531	643.35034	12.642939	525.8267	108.01594	640.8863	20.316202	-527.7493	46.940834	2665.7840282917023
55	7153.522	55.09761	7223.1787	7084.8887	7400.751	139.96184	7594.8447	7139.727	1000.0	1000.0	275000	528.77295	107.946976	643.39825	33.74258	528.77246	107.94614	641.59875	47.702885	-530.8525	44.86741	2717.6620712280273
56	6935.35	67.514915	7026.169	6821.655	7672.1826	124.36361	7855.4365	7453.329	1000.0	1000.0	280000	532.04504	106.97241	648.21326	10.165722	532.0447	106.97326	646.48206	48.06244	-534.0407	45.212864	2766.3181812763214
57	7116.3555	267.81897	7475.301	6799.1274	7391.249	252.8659	7676.4214	6731.0757	1000.0	1000.0	285000	535.1179	106.13571	650.6256	-39.103962	535.1178	106.13267	652.63	-34.69669	-537.4013	46.772583	2818.4587709903717
58	7141.697	143.18129	7394.4795	6974.228	7769.3374	250.37502	7985.6655	7057.3657	1000.0	1000.0	290000	538.0311	106.05071	655.80096	44.52699	538.03076	106.049	652.0276	51.857212	-539.9662	45.427876	2870.720638036728
59	7239.504	62.652054	7327.396	7142.9272	7715.66	110.00577	7835.984	7453.791	1000.0	1000.0	295000	540.7712	106.12333	654.4969	15.507574	540.7711	106.12252	655.1823	1.821908	-543.0483	42.667095	2920.7884953022003
60	6841.2266	607.89417	7335.9785	5668.006	7753.056	93.10171	7891.142	7564.469	1000.0	1000.0	300000	543.74365	105.17363	658.70825	-18.53822	543.74347	105.17266	657.6315	-38.116383	-546.0165	43.86731	2972.1166059970856
61	7253.591	157.19003	7402.623	6988.547	7590.1978	118.535515	7791.432	7389.376	1000.0	1000.0	305000	546.1432	105.61022	661.4609	-135.10728	546.14355	105.60808	658.9082	-208.65587	-548.4198	46.409443	3028.928726196289
62	7109.915	350.0574	7389.958	6437.7646	7666.861	152.49763	7938.485	7485.2114	1000.0	1000.0	310000	548.5784	105.291466	663.1066	-132.87047	548.5779	105.29042	661.9562	-111.720436	-550.8353	46.61142	3087.8615822792053
63	7188.332	124.34577	7432.777	7089.956	7652.4907	110.02764	7854.568	7480.381	1000.0	1000.0	315000	551.1988	105.398476	663.21387	-137.94562	551.19916	105.39838	663.331	-151.7644	-553.2166	44.57097	3143.5371141433716
64	7327.354	263.62283	7740.1367	6995.996	7968.943	98.535995	8136.9453	7785.2515	1000.0	1000.0	320000	553.9639	103.94461	666.9295	-176.97562	553.9633	103.942696	668.3679	-90.06547	-556.2523	44.72893	3195.982752084732
65	7150.7007	296.73425	7535.608	6710.7236	7777.155	126.698814	7986.4805	7586.0166	1000.0	1000.0	325000	556.8633	102.83863	675.379	-140.77711	556.8636	102.83589	675.5393	-112.125374	-558.9819	45.875313	3245.466053247452
66	7322.8813	74.80447	7448.7524	7230.8296	7936.3164	95.635254	8085.389	7769.036	1000.0	1000.0	330000	559.58923	102.12798	678.6266	-172.39648	559.58936	102.12656	679.0626	-128.91835	-561.608	45.35435	3295.139508008957
67	7394.2603	221.43082	7787.136	7179.976	7960.143	182.76778	8331.888	7606.545	1000.0	1000.0	335000	562.0398	101.41263	675.86316	-83.444	562.0399	101.41006	674.7172	-72.91124	-564.1788	43.805195	3344.4773252010345
68	7278.8647	82.07531	7372.9434	7170.6226	7626.3096	159.92696	7856.617	7306.457	1000.0	1000.0	340000	564.24567	101.4902	680.2839	91.40325	564.2452	101.490906	680.301	76.028465	-566.55	45.42493	3394.8474621772766
69	7322.1343	84.43919	7444.052	7228.5503	8041.5093	116.96925	8176.961	7819.5503	1000.0	1000.0	345000	566.3062	101.279434	758.4328	92.24988	566.3064	101.27707	739.10284	84.28131	-568.49695	44.49906	3445.1973371505737
70	7312.2627	307.6659	7644.735	6748.378	8094.814	154.55457	8369.977	7796.5264	1000.0	1000.0	350000	568.4959	101.198944	809.4994	25.730549	568.4955	101.19867	815.87964	76.73221	-570.7518	45.813934	3496.383066177368
71	7553.7217	176.61212	7731.8057	7301.952	8204.448	113.21958	8373.322	7985.37	1000.0	1000.0	355000	570.7692	101.09585	866.0446	81.884346	570.7691	101.094154	854.7106	83.218475	-572.8565	45.888256	3548.0837931632996
72	7392.5024	268.70612	7659.8745	6920.935	8121.936	124.32232	8372.494	7927.558	1000.0	1000.0	360000	573.36505	100.3722	746.9115	77.61722	573.36487	100.371376	784.4854	59.571793	-575.38983	46.51767	3604.6978323459625
73	7438.178	186.55133	7753.397	7229.9873	8051.896	80.75037	8202.987	7931.034	1000.0	1000.0	365000	575.39185	100.42104	692.1449	75.452065	575.392	100.418564	691.626	61.40581	-577.3077	47.05639	3659.2649652957916
74	7402.1313	63.66998	7462.3315	7300.809	8143.785	163.4343	8473.196	7949.5806	1000.0	1000.0	370000	577.588	100.73333	694.98395	85.62214	577.588	100.73276	692.83606	68.17046	-579.6311	46.526875	3711.5335512161255
75	7425.0654	146.8358	7554.688	7172.205	8128.904	185.72197	8470.655	7916.3647	1000.0	1000.0	375000	579.5184	100.86326	697.0193	87.486435	579.5176	100.862755	697.49384	83.8331	-581.6455	46.2018	3762.151802301407
76	7504.4736	123.65975	7678.403	7307.94	8206.786	137.17842	8368.099	7955.754	1000.0	1000.0	380000	581.987	99.21892	700.4978	80.257614	581.9869	99.218315	698.44104	84.4004	-584.1155	47.23763	3813.9474260807037
77	7485.8164	127.73652	7675.7383	7330.84	7949.122	195.65723	8181.5923	7491.3604	1000.0	1000.0	385000	584.23016	97.62824	699.4076	92.21827	584.2298	97.627266	697.7202	90.59016	-586.3957	46.546562	3864.238468170166
78	7546.1357	157.7271	7843.9214	7376.3516	8254.689	105.25808	8400.847	8046.341	1000.0	1000.0	390000	585.714	98.44533	701.3502	105.98514	585.7143	98.44114	700.5867	105.78759	-587.9224	45.462845	3917.2128410339355
79	7631.5674	146.58904	7866.244	7419.5903	8232.735	80.055504	8383.978	8118.2217	1000.0	1000.0	395000	587.2484	99.13656	702.1859	96.38355	587.24866	99.134964	701.7434	98.36845	-589.3331	45.745148	3970.0907990932465
80	7618.913	216.41565	7803.8555	7241.014	8348.171	141.02802	8629.954	8126.678	1000.0	1000.0	400000	589.4736	99.49772	703.16095	100.04824	589.4732	99.49683	702.5335	98.73813	-591.3173	43.846157	4021.31098818779
81	7734.896	148.27174	7957.5283	7518.9634	8352.049	160.0982	8617.748	8054.76	1000.0	1000.0	405000	591.4359	99.039986	705.1096	91.84921	591.43604	99.03764	704.9532	89.33877	-593.7312	45.841682	4072.7762682437897
82	7592.72	205.72826	7858.887	7334.858	8204.651	109.087135	8333.268	7932.1553	1000.0	1000.0	410000	592.9451	99.878555	706.6881	96.81985	592.94507	99.877335	709.1373	91.27336	-595.1191	45.65068	4124.609592199326
83	7698.501	63.810753	7794.2427	7627.0415	8141.983	125.68818	8394.198	7964.623	1000.0	1000.0	415000	594.7861	99.50104	711.45764	75.153	594.78577	99.49654	707.8911	80.843994	-596.8412	46.777103	4173.809724330902
84	7780.282	302.0666	8119.395	7238.681	8365.562	133.33168	8635.021	8183.5845	1000.0	1000.0	420000	596.874	97.94566	720.3596	75.697334	596.874	97.946526	717.76196	83.993965	-598.9559	47.102875	4224.468317270279
85	7658.2812	95.76512	7832.5186	7567.1523	8521.0625	115.7603	8716.373	8312.088	1000.0	1000.0	425000	598.4834	98.6072	719.8079	98.26489	598.4834	98.60442	719.7338	63.766285	-600.4327	45.030033	4277.599915027618
86	7802.71	122.404045	8000.6104	7653.7603	8370.092	105.606705	8546.487	8203.679	1000.0	1000.0	430000	600.5289	98.86258	721.66364	85.82902	600.52893	98.86216	723.9621	51.903008	-602.4349	45.704094	4331.734872102737
87	7638.007	204.74995	7812.7256	7238.7036	8572.904	154.9157	8810.917	8269.933	1000.0	1000.0	435000	602.23126	98.51312	723.53076	77.37067	602.23126	98.51118	721.80963	53.42753	-604.1325	47.038517	4384.162638187408
88	7889.389	184.15076	8146.683	7590.4478	8472.661	138.13509	8671.8955	8147.108	1000.0	1000.0	440000	604.16833	98.85531	725.85895	76.6176	604.1682	98.85405	727.6969	80.054214	-606.1332	46.28493	4435.916075229645
89	7897.111	196.74637	8082.6387	7532.595	8538.447	54.922886	8665.904	8467.854	1000.0	1000.0	445000	605.66296	99.584755	726.2813	83.81726	605.66327	99.58131	723.2206	79.073746	-607.5997	44.78684	4489.134084224701
90	7906.3643	120.94558	8056.7676	7689.2676	8272.805	137.29414	8482.787	8076.3726	1000.0	1000.0	450000	607.608	99.66357	727.18304	76.24098	607.60815	99.66228	725.024	63.079857	-609.8039	45.96476	4540.16068315506
91	7916.5674	189.8335	8119.0146	7613.1396	8576.915	141.43382	8822.101	8401.531	1000.0	1000.0	455000	609.2102	99.89124	727.05865	83.78742	609.2099	99.89125	726.64386	74.427475	-611.2494	46.812714	4592.930036067963
92	7770.9443	418.6655	8164.5933	6962.429	8670.154	124.859795	8850.767	8466.076	1000.0	1000.0	460000	610.90454	99.41068	731.052	44.74884	610.90424	99.40955	730.7433	81.375824	-613.1269	47.555836	4646.568138122559
93	8086.008	153.98065	8267.672	7826.2764	8578.24	116.18468	8744.271	8394.77	1000.0	1000.0	465000	612.3809	100.02879	731.5487	68.67363	612.38116	100.027214	735.3591	68.6648	-614.4163	48.82105	4699.0349061489105
94	7967.878	218.10435	8329.415	7683.375	8627.271	93.30795	8758.944	8440.798	1000.0	1000.0	470000	614.13074	100.512924	732.9917	-6.84707	614.13043	100.512566	733.2674	33.233093	-616.18616	50.89352	4752.748141050339
95	7865.789	170.54727	7990.978	7527.35	8723.411	111.164795	8941.698	8570.504	1000.0	1000.0	475000	616.3143	100.18681	735.4888	27.52634	616.3145	100.18498	736.31134	40.20507	-618.57874	50.402794	4805.221465110779
96	8074.328	150.16495	8266.952	7839.052	8600.311	192.36247	9056.075	8273.37	1000.0	1000.0	480000	618.3277	99.417496	742.2104	53.877148	618.3276	99.4162	741.2524	66.980095	-620.3921	49.724792	4856.561415195465
97	7915.7	104.95068	8074.618	7797.135	8452.405	136.32889	8737.688	8241.412	1000.0	1000.0	485000	619.64233	99.93744	742.27765	56.529274	619.6421	99.93701	744.46405	47.10137	-621.6596	48.796482	4908.8376722335815
98	7923.0107	281.49118	8262.101	7587.0093	8601.0625	119.06493	8825.667	8355.331	1000.0	1000.0	490000	621.4206	100.3404	743.83356	67.11097	621.4206	100.33836	746.51154	68.909744	-623.3897	49.67953	4960.142548084259
99	8070.543	183.26701	8390.079	7820.7183	8738.393	142.9106	8898.947	8477.088	1000.0	1000.0	495000	622.85675	101.26986	744.64233	52.63105	622.8568	101.26853	746.65375	71.23244	-624.9587	48.637737	5011.692389249802
100	8026.053	181.92401	8297.07	7807.308	8760.864	152.39867	9016.454	8480.118	1000.0	1000.0	500000	624.4337	100.95502	747.99207	56.911415	624.4332	100.95625	746.10394	60.225864	-626.48914	48.019676	5064.607929229736
101	8049.9424	298.85687	8341.991	7642.442	8857.237	122.14252	9041.675	8682.957	1000.0	1000.0	505000	625.5402	102.021645	749.4371	54.442417	625.5404	102.0209	749.01636	58.445946	-627.5934	49.248356	5116.429898023605
102	8074.425	141.76105	8266.948	7935.0503	8852.852	191.31146	9091.565	8506.168	1000.0	1000.0	510000	627.2961	101.42467	753.5024	-0.8589568	627.296	101.42349	754.71716	-3.0678163	-629.57715	49.795742	5167.683817148209
103	8262.414	204.17792	8630.985	8053.2573	8820.442	119.54743	9081.663	8630.821	1000.0	1000.0	515000	628.57166	101.99841	753.37036	-21.33024	628.5715	101.99781	754.2706	-40.95498	-630.6204	49.495773	5218.325390100479
104	7986.2056	90.36221	8108.1753	7850.5254	8845.1875	149.24687	9029.746	8571.15	1000.0	1000.0	520000	629.9155	102.26979	756.7604	-1.8005977	629.9151	102.269005	759.5497	-6.549216	-631.8663	53.075363	5274.378587245941
105	8160.173	174.59962	8470.826	7996.1914	8691.528	175.12688	8896.799	8282.764	1000.0	1000.0	525000	631.452	101.81715	754.8431	-31.154263	631.45245	101.8137	753.697	10.787249	-633.5659	52.15441	5329.6946539878845
106	7996.8477	113.056274	8178.6245	7841.202	8910.312	115.210945	9135.833	8790.676	1000.0	1000.0	530000	631.91174	102.37099	753.79333	-22.685389	631.91187	102.37208	754.7231	-3.5232038	-634.0777	54.174194	5385.170271158218
107	8061.638	214.58913	8332.605	7804.553	8837.307	76.83556	8995.161	8720.044	1000.0	1000.0	535000	632.99164	101.74539	755.08124	-43.40198	632.9914	101.74498	754.5001	-24.884554	-635.2041	52.218475	5436.773859262466
108	8056.3545	178.1514	8275.885	7731.6646	8839.139	184.10754	9100.657	8509.644	1000.0	1000.0	540000	634.2988	101.887856	758.6011	-61.066624	634.2986	101.88632	760.3503	-99.57738	-636.358	51.702126	5487.200121164322
109	8128.3447	69.94414	8206.454	8028.3037	8973.069	139.9705	9132.363	8672.158	1000.0	1000.0	545000	635.40607	101.08996	757.89514	-180.83896	635.40656	101.089355	756.8213	-117.076454	-637.9226	51.39249	5537.8285093307495
110	8195.354	70.06274	8285.14	8082.5757	8765.625	124.82568	8897.479	8555.242	1000.0	1000.0	550000	636.63007	101.70421	765.8351	-162.8965	636.63007	101.70103	763.84155	-172.68993	-638.65015	50.7046	5591.086710214615
111	8076.2944	140.67168	8243.737	7890.7627	8769.916	114.01407	8980.449	8590.847	1000.0	1000.0	555000	638.08295	101.73163	766.66693	-241.74428	638.08295	101.731804	768.415	-235.44757	-640.0585	50.860687	5642.919078350067
112	8349.548	109.57235	8540.096	8215.6045	8977.894	159.72382	9137.156	8539.923	1000.0	1000.0	560000	639.3923	101.96448	763.91254	-295.5214	639.39276	101.96379	764.0421	-280.6093	-641.46765	51.22065	5694.24733710289
113	8201.286	89.99139	8363.472	8094.366	8959.371	145.41074	9178.392	8705.644	1000.0	1000.0	565000	640.6202	101.242195	765.1421	-232.75417	640.61975	101.23826	766.9822	-259.92145	-642.6234	52.627323	5747.310152053833
114	8356.159	150.02756	8556.164	8105.181	8990.047	170.87277	9231.837	8760.177	1000.0	1000.0	570000	642.057	100.53297	762.0688	-233.48886	642.05725	100.53348	768.9838	-208.67723	-644.0381	51.842392	5800.318161249161
115	8416.427	138.22823	8647.867	8232.249	8696.597	200.94337	8979.784	8307.244	1000.0	1000.0	575000	643.5204	99.63682	769.1466	-221.16092	643.52026	99.635056	767.54266	-224.64865	-645.8268	50.978954	5854.2552971839905
116	7839.639	561.35175	8200.945	6740.651	8842.424	170.3834	9267.362	8623.815	1000.0	1000.0	580000	645.1348	99.32837	769.0135	-252.46118	645.1349	99.327934	770.1919	-221.21217	-647.14545	51.447845	5908.423360109329
117	8124.8945	243.96367	8420.959	7838.8794	8829.329	272.78214	9272.651	8284.557	1000.0	1000.0	585000	645.9872	101.50682	776.06274	-335.83978	645.98706	101.506386	778.38605	-391.57816	-648.2667	54.744625	5963.358844280243
118	8244.672	99.427216	8411.124	8131.589	8874.917	155.28485	9151.988	8554.177	1000.0	1000.0	590000	647.19403	101.63645	775.057	-299.8568	647.1941	101.63619	776.4993	-333.50403	-649.07214	54.91784	6015.231074094772
119	8223.317	122.711296	8438.334	8060.527	9009.942	87.73978	9154.948	8877.775	1000.0	1000.0	595000	647.7035	102.84935	776.05945	-290.2401	647.7037	102.84852	775.45184	-292.05203	-649.6412	54.569412	6068.258782148361
120	8183.466	158.96396	8336.334	7924.183	9099.869	108.27606	9297.168	8934.13	1000.0	1000.0	600000	649.27466	102.14895	779.9327	-173.48466	649.27545	102.145905	780.7485	-154.29286	-651.1932	52.7969	6122.042160272598
121	8184.315	266.64594	8470.827	7712.027	8783.496	58.03506	8916.063	8690.807	1000.0	1000.0	605000	650.8446	102.07742	776.1402	-183.49113	650.84375	102.07658	779.0607	-209.60783	-652.867	52.7405	6174.691607236862
122	8303.621	172.29007	8494.046	8031.1343	8968.307	57.801437	9049.187	8855.203	1000.0	1000.0	610000	651.59686	103.2847	777.8008	-256.10254	651.5971	103.2846	779.9677	-223.23257	-653.2501	54.754093	6228.355868339539
123	8318.984	157.56996	8468.02	8072.553	8431.077	150.91914	8605.398	8168.995	1000.0	1000.0	615000	652.8442	103.295715	781.52527	-147.06058	652.84406	103.29212	778.70337	-160.59927	-654.8585	60.05833	6283.192190170288
124	8142.845	335.1974	8444.496	7496.387	8910.394	175.45964	9106.865	8450.155	1000.0	1000.0	620000	653.46906	103.213005	785.87213	-160.40231	653.4688	103.21369	784.59094	-173.7397	-655.4859	57.244644	6336.367131233215
125	8357.698	205.78249	8612.183	8038.042	8998.254	110.63055	9163.552	8727.425	1000.0	1000.0	625000	654.3316	103.1729	781.589	-158.18654	654.33185	103.17514	781.0273	-155.16705	-656.1951	55.73969	6387.554248094559
126	8547.393	104.95413	8694.299	8429.991	8262.211	133.07867	8472.996	7969.098	1000.0	1000.0	630000	655.1774	103.160416	780.5931	-227.17638	655.1775	103.155785	780.69507	-199.44247	-657.0008	55.21812	6442.482886314392
127	8182.9	269.4297	8437.704	7828.144	9014.887	106.82881	9197.68	8868.042	1000.0	1000.0	635000	656.06793	102.18045	784.85425	-222.27513	656.0682	102.18176	780.69226	-234.10934	-657.9079	55.98503	6495.395345211029
128	8438.692	64.18451	8547.493	8373.555	8964.737	89.078125	9124.494	8789.484	1000.0	1000.0	640000	657.663	100.627655	783.24115	-296.25558	657.66296	100.62799	781.97516	-291.9101	-660.0549	56.38436	6546.294020175934
129	8459.865	94.08441	8627.787	8351.955	9105.3545	118.842514	9284.408	8867.836	1000.0	1000.0	645000	658.9645	99.4771	785.3944	-310.12885	658.9644	99.47736	786.39636	-280.4551	-661.0894	58.043037	6602.634004116058
130	8155.486	535.3478	8688.588	7140.1816	9106.231	135.4119	9419.176	8947.232	1000.0	1000.0	650000	659.80945	99.982506	784.19775	-308.03192	659.8098	99.98046	786.16846	-307.83328	-661.95715	57.247383	6659.8857452869415
131	8095.3955	219.55235	8341.353	7716.391	9123.13	97.8264	9273.131	8978.859	1000.0	1000.0	655000	660.65906	100.172104	788.02734	-367.4269	660.6588	100.17144	785.0706	-327.84067	-662.7146	59.368324	6720.799523115158
132	8513.478	106.77852	8698.756	8379.111	9016.092	96.44486	9197.859	8887.146	1000.0	1000.0	660000	661.3023	101.424805	785.5142	-376.86844	661.30255	101.42368	787.39966	-410.92902	-663.1154	61.241764	6779.0537831783295
133	8362.99	119.46689	8562.06	8187.931	9100.122	109.70509	9298.921	8882.557	1000.0	1000.0	665000	662.3714	100.96148	790.56934	-545.285	662.372	100.95852	788.843	-551.2995	-664.4586	58.157642	6832.75156712532
134	8216.701	277.1906	8515.094	7742.7603	9145.948	123.774	9404.308	9002.3545	1000.0	1000.0	670000	663.0965	101.28649	787.17053	-432.8651	663.0962	101.285	787.65027	-429.29114	-665.0971	64.70144	6885.306496143341
135	8428.642	104.389595	8603.859	8300.749	8881.922	108.66783	9061.337	8703.897	1000.0	1000.0	675000	663.5171	102.23259	786.4929	-425.36914	663.51746	102.22939	788.26434	-413.58643	-665.7636	59.759724	6941.572684049606
136	8414.867	224.75159	8710.651	8103.356	9135.822	160.84048	9423.848	8851.852	1000.0	1000.0	680000	664.6002	100.9501	790.375	-386.42575	664.60034	100.948616	789.383	-346.78256	-666.5015	59.352962	6996.598824977875
137	8531.397	72.46801	8664.605	8449.581	9222.17	129.44821	9428.889	8997.762	1000.0	1000.0	685000	665.21893	101.275566	789.5723	-329.43774	665.2186	101.273636	789.58734	-293.27246	-667.4952	57.102825	7051.265282154083
138	8476.236	190.15456	8690.08	8150.5684	9279.424	131.65013	9517.78	9025.83	1000.0	1000.0	690000	666.4901	99.849815	790.8729	-379.09735	666.4897	99.849495	790.2885	-313.68167	-668.60144	61.116325	7104.523677349091
139	8737.947	39.285046	8804.561	8697.065	9125.064	131.58138	9318.377	8865.748	1000.0	1000.0	695000	667.4301	100.30842	792.64575	-390.82462	667.4301	100.30432	791.4259	-303.47647	-669.5129	60.96555	7158.84504032135
140	8458.644	169.28476	8678.842	8160.4116	9257.265	75.03625	9427.791	9145.186	1000.0	1000.0	700000	668.2735	100.9457	792.68335	-345.07996	668.27423	100.943405	793.6725	-373.7266	-670.33905	57.86055	7213.507520198822
141	8586.925	84.85316	8706.054	8490.041	9248.311	72.64424	9344.838	9128.187	1000.0	1000.0	705000	669.15735	102.49279	791.29816	-344.6217	669.1578	102.49158	792.0789	-316.33585	-671.1114	57.25865	7265.732266187668
142	8354.593	215.2711	8579.749	7975.6455	9219.116	174.22058	9451.62	8952.248	1000.0	1000.0	710000	670.1489	103.71958	796.4406	-326.1134	670.14844	103.72039	794.76013	-366.8263	-672.304	60.536232	7317.823039054871
143	8445.686	117.24483	8665.542	8325.934	9302.841	103.31659	9434.342	9114.726	1000.0	1000.0	715000	670.89984	104.75827	796.64514	-398.87497	670.9007	104.752045	798.0872	-311.35867	-672.7721	59.28401	7372.320843219757
144	8507.573	232.65617	8719.792	8111.6016	9277.783	148.12555	9536.387	9072.253	1000.0	1000.0	720000	671.89105	104.806114	796.85474	-368.06503	671.8911	104.8098	799.137	-304.0413	-674.1344	62.235363	7426.602411031723
145	8434.847	51.817856	8490.361	8356.916	9006.779	152.98067	9216.614	8802.116	1000.0	1000.0	725000	673.0198	103.65367	799.9785	-349.37918	673.0204	103.64988	799.269	-345.85214	-674.75525	60.676537	7479.613127946854
146	8460.628	110.82946	8564.608	8286.097	9269.512	149.58847	9470.734	9021.732	1000.0	1000.0	730000	673.94257	102.20849	802.1139	-358.98502	673.9417	102.20591	801.1803	-306.6741	-675.99817	61.74439	7534.894130945206
147	8531.756	132.02429	8744.208	8380.97	9100.242	148.7346	9345.228	8884.164	1000.0	1000.0	735000	674.84344	102.28868	800.3491	-169.75418	674.8432	102.28947	798.2833	-194.68848	-677.0263	59.49438	7589.284519195557
148	8517.551	158.29585	8737.804	8299.958	9295.533	84.94628	9409.908	9136.65	1000.0	1000.0	740000	676.0544	101.208145	797.36743	-174.79543	676.0545	101.20858	798.20905	-147.85052	-678.1851	59.90965	7641.938892126083
149	8634.751	241.90305	8939.252	8269.843	9353.429	96.87495	9512.055	9177.988	1000.0	1000.0	745000	677.3628	100.580635	801.6506	-205.47266	677.3632	100.57796	801.0955	-156.67146	-679.4413	60.73198	7695.364236116409
150	8564.583	219.31104	8850.303	8261.159	9246.903	99.99915	9430.884	9020.142	1000.0	1000.0	750000	677.5301	101.745735	800.095	-243.5437	677.52936	101.745964	799.4687	-202.21849	-679.5316	58.989426	7746.9059772491455
151	8738.299	151.15944	8859.569	8453.459	9093.939	148.92952	9328.152	8808.572	1000.0	1000.0	755000	678.8611	100.68073	812.3192	-261.33698	678.8613	100.68365	814.5363	-217.57074	-680.99365	57.505627	7799.490393161774
152	8622.203	216.85176	8891.579	8268.189	9410.186	77.81605	9514.212	9261.213	1000.0	1000.0	760000	680.1049	99.30591	823.9695	-240.97974	680.1046	99.307106	818.3046	-232.9619	-682.20123	58.364574	7856.841001987457
153	8620.831	117.05145	8723.408	8413.67	9097.936	111.40645	9268.081	8871.113	1000.0	1000.0	765000	680.90356	98.31473	820.19525	-208.3872	680.90356	98.31137	820.79016	-207.28676	-683.1365	58.023262	7918.660648345947
154	8654.13	126.71538	8863.335	8536.219	9173.303	117.20366	9413.689	9008.797	1000.0	1000.0	770000	681.76044	97.81381	823.3706	-110.11905	681.7607	97.81227	821.0995	-100.07206	-684.0068	56.961838	7981.307345151901
155	8679.291	196.95619	8924.408	8464.586	9395.896	147.74283	9501.28	8995.759	1000.0	1000.0	775000	683.12225	97.33831	822.244	-43.100525	683.12195	97.33828	823.9509	-81.23783	-685.2714	56.43471	8045.19061923027
156	8695.646	198.63261	8925.371	8357.609	9530.752	165.90805	9767.964	9185.2	1000.0	1000.0	780000	684.09625	97.36468	822.5589	38.229263	684.0962	97.36762	827.02826	7.4838734	-686.2529	54.662643	8105.374481201172
157	8740.971	225.085	8973.41	8344.068	9137.736	182.41139	9411.48	8719.976	1000.0	1000.0	785000	684.86145	98.19183	824.16907	66.46519	684.86145	98.1898	824.93036	60.96674	-686.601	55.52476	8162.836660146713
158	8841.787	185.95872	9069.621	8544.914	9372.066	136.61775	9506.991	9030.545	1000.0	1000.0	790000	685.38104	99.23649	826.9532	41.295204	685.3811	99.2348	823.3925	8.451086	-687.3956	54.885914	8217.203617095947
159	8867.2295	224.42703	9214.081	8552.431	9634.529	98.16807	9761.487	9424.3125	1000.0	1000.0	795000	686.931	98.248604	825.5617	8.928343	686.9313	98.24886	828.4287	6.47494	-689.08826	56.167538	8271.405864238739
160	8702.432	214.10306	9078.189	8462.038	9456.3545	140.75868	9602.488	9127.098	1000.0	1000.0	800000	687.9199	98.704666	826.46704	-118.44848	687.9201	98.704735	827.3902	-120.52435	-689.8566	55.321186	8324.588407039642
161	8756.302	148.31386	8899.85	8479.878	9489.5625	151.9018	9673.94	9302.614	1000.0	1000.0	805000	688.6384	99.69153	828.5567	-202.58006	688.6387	99.69098	826.67004	-217.19754	-690.5765	54.949562	8383.951012134552
162	8901.439	79.7242	9002.474	8809.9795	9467.314	158.85646	9796.434	9182.335	1000.0	1000.0	810000	689.73865	99.71795	826.3255	-256.92963	689.7386	99.71863	827.60895	-233.47423	-691.6816	53.940327	8445.521546125412
163	8689.493	74.873184	8802.432	8594.101	9322.529	62.839554	9399.32	9198.267	1000.0	1000.0	815000	690.75214	100.06145	829.19977	-264.55475	690.7522	100.06174	828.6639	-265.81152	-692.8011	56.87348	8503.200552225113
164	8770.709	150.68661	9031.625	8606.424	9578.8125	126.10773	9776.342	9410.553	1000.0	1000.0	820000	692.0421	99.12576	823.7124	-317.87854	692.0414	99.12646	822.61035	-293.06485	-694.2793	59.629524	8555.577124118805
165	8819.924	87.48359	8899.971	8652.589	9637.941	89.15145	9780.569	9509.61	1000.0	1000.0	825000	692.7275	99.26053	830.35614	-409.82266	692.72766	99.25998	829.6507	-379.46866	-694.8649	58.839718	8607.395696163177
166	8908.245	108.30384	9047.282	8729.59	9638.115	88.51738	9829.105	9541.095	1000.0	1000.0	830000	694.16986	98.4555	825.62585	-327.3885	694.17	98.454506	827.92535	-311.623	-696.38086	56.46512	8659.434167146683
167	8890.241	202.82133	9129.478	8530.298	9202.453	132.35509	9457.728	9005.167	1000.0	1000.0	835000	694.8775	99.15938	833.84894	-387.18994	694.87744	99.15883	833.6089	-355.55078	-697.0157	57.139156	8712.098088264465
168	8780.776	160.384	9039.924	8582.386	9279.95	80.7994	9398.011	9137.687	1000.0	1000.0	840000	695.83307	98.95716	836.38043	-445.23184	695.83325	98.95707	836.06006	-418.10574	-697.6199	58.288036	8762.802589178085
169	8889.372	144.7784	9128.213	8699.796	9577.424	171.28403	9847.953	9237.855	1000.0	1000.0	845000	696.5261	99.771	834.417	-391.8156	696.52606	99.77036	836.19257	-385.72452	-698.5322	59.427963	8819.431598186493
170	8872.673	142.41449	9116.043	8686.899	9519.821	156.95377	9770.98	9145.414	1000.0	1000.0	850000	696.8053	99.83303	833.93115	-453.72516	696.8048	99.83321	832.26465	-381.04926	-698.48724	57.797558	8873.88601398468
171	8838.037	152.65627	8978.114	8558.531	9631.395	146.85771	9850.484	9440.606	1000.0	1000.0	855000	697.6612	100.472	834.712	-525.7286	697.6618	100.468864	830.98444	-539.1328	-700.0662	58.824364	8929.46455025673
172	8769.348	97.54946	8890.564	8612.434	9564.929	129.20656	9704.468	9247.893	1000.0	1000.0	860000	698.29706	101.284706	836.8921	-530.85815	698.2973	101.28338	836.25055	-550.6997	-700.5121	60.7428	8987.163388252258
173	8940.98	120.35385	9073.999	8778.315	9609.928	171.76883	9796.296	9191.442	1000.0	1000.0	865000	698.9567	101.293205	839.002	-677.0227	698.95685	101.28928	834.421	-616.9172	-700.9877	59.200825	9051.469084262848
174	8914.472	117.88082	9080.765	8757.836	9675.584	102.676155	9790.07	9450.123	1000.0	1000.0	870000	699.4925	101.07108	837.48676	-676.3611	699.49243	101.06903	839.134	-681.6086	-701.629	58.972775	9112.11468219757
175	8741.917	214.4555	8986.58	8365.195	9180.248	171.88899	9462.683	8855.878	1000.0	1000.0	875000	700.3444	100.65628	836.48285	-605.57837	700.34424	100.656044	839.9158	-627.75073	-702.4505	59.344975	9172.129356145859
176	8857.617	229.74867	9215.589	8590.014	9582.266	180.19612	9885.333	9275.927	1000.0	1000.0	880000	701.2761	99.79973	841.3459	-533.56476	701.2759	99.798744	840.5242	-559.37885	-703.3823	58.265038	9234.081549167633
177	8966.139	119.08263	9189.345	8851.184	9883.527	158.02788	10127.822	9641.417	1000.0	1000.0	885000	702.4481	98.83126	839.00116	-529.60156	702.4481	98.83152	836.4133	-570.202	-704.478	58.283714	9295.934860229492
178	8890.908	130.30649	9034.548	8662.776	9840.096	97.65112	9972.624	9702.042	1000.0	1000.0	890000	703.6023	97.930214	838.1971	-534.1278	703.6025	97.92666	839.87286	-547.4544	-705.7363	56.95602	9360.455324172974
179	8909.499	240.68341	9321.203	8568.774	9500.605	92.90004	9624.926	9298.741	1000.0	1000.0	895000	704.40424	97.70881	839.3377	-580.3474	704.40436	97.70918	840.81586	-592.40857	-706.2697	58.166023	9423.252003192902
180	8933.967	79.595535	9067.366	8820.827	9367.631	136.869	9713.027	9225.723	1000.0	1000.0	900000	705.1367	98.184235	840.2938	-524.0094	705.1369	98.179504	840.2859	-535.6014	-706.94653	57.14078	9489.557972192764
181	8647.279	238.5964	9059.981	8374.442	9658.931	124.026794	9868.552	9426.929	1000.0	1000.0	905000	705.9148	98.24577	839.30707	-560.2075	705.9148	98.247925	838.372	-551.6302	-708.1298	58.173668	9553.224706172943
182	8911.799	90.350746	9021.874	8794.924	9677.334	137.77347	9945.48	9444.9795	1000.0	1000.0	910000	706.47723	97.983376	852.4472	-700.49274	706.47754	97.9838	849.81055	-723.63025	-708.466	60.131218	9612.416807174683
183	8875.761	120.22847	9022.5	8719.489	9612.81	97.90809	9742.47	9462.775	1000.0	1000.0	915000	707.4635	97.32408	856.2246	-739.98236	707.46326	97.32251	853.4754	-772.7063	-709.5574	61.284237	9672.601690292358
184	9138.424	102.268166	9243.594	8952.822	9621.023	137.64146	9888.61	9338.934	1000.0	1000.0	920000	707.72845	98.00566	849.1709	-860.7046	707.7289	98.00113	847.37726	-801.14453	-709.82446	63.544136	9733.24296617508
185	8814.338	74.94831	8930.209	8709.374	9289.127	247.31047	9677.54	8684.96	1000.0	1000.0	925000	707.92993	98.45926	847.4547	-700.63257	707.92944	98.46055	847.1263	-726.49915	-709.9009	61.113525	9795.349102258682
186	9042.713	87.111145	9216.211	8987.519	9704.858	171.51564	9951.0625	9249.31	1000.0	1000.0	930000	708.23865	99.03547	853.8979	-637.7281	708.23865	99.033646	855.0371	-597.0384	-709.96045	60.470024	9852.732417106628
187	9041.86	134.11357	9192.417	8801.132	9793.107	118.41989	9971.295	9575.629	1000.0	1000.0	935000	709.375	98.74903	853.5437	-606.0739	709.3755	98.74842	854.61945	-585.24286	-711.4967	59.70987	9909.96332025528
188	8992.344	93.60849	9111.308	8871.643	9818.107	130.52779	10037.539	9537.323	1000.0	1000.0	940000	710.4722	99.2052	851.9337	-644.0658	710.47205	99.20505	850.09924	-657.35657	-712.3259	59.099995	9965.492259263992
189	9021.113	229.10934	9312.007	8625.446	9897.801	119.806145	10048.645	9719.583	1000.0	1000.0	945000	711.2996	99.38782	854.2279	-697.19336	711.3002	99.38796	856.099	-737.76715	-713.3708	58.76247	10020.817571163177
190	9008.408	85.67554	9133.706	8868.576	9788.398	92.202194	9947.941	9619.882	1000.0	1000.0	950000	711.93396	100.10976	853.9181	-523.3808	711.934	100.1099	854.7898	-553.89453	-714.1352	59.049026	10073.783492088318
191	9216.039	103.25602	9369.353	9106.653	9835.344	181.88394	10288.892	9650.208	1000.0	1000.0	955000	712.8608	100.34431	856.55316	-590.97504	712.8609	100.339775	857.3962	-588.87494	-714.533	57.314713	10127.34159731865
192	9030.713	139.55684	9229.316	8819.147	9772.342	151.37805	10085.813	9545.684	1000.0	1000.0	960000	713.8719	100.08069	853.65686	-577.56226	713.8723	100.076805	851.0116	-606.5995	-715.6818	58.959724	10182.14899611473
193	9086.893	96.66832	9193.172	8922.872	9542.64	122.91679	9786.732	9374.434	1000.0	1000.0	965000	714.241	100.76903	855.90454	-611.37164	714.24146	100.76645	852.66095	-561.02765	-716.3357	62.265343	10238.91290807724
194	9102.597	195.64381	9338.99	8844.583	9716.5625	168.85365	9990.419	9440.741	1000.0	1000.0	970000	715.2033	99.64077	853.2402	-769.29596	715.2026	99.64245	848.2986	-591.34064	-717.4369	59.159473	10303.947494268417
195	9099.148	187.95508	9397.859	8813.777	9977.728	126.870255	10171.025	9763.785	1000.0	1000.0	975000	715.9357	99.384766	849.8426	-627.617	715.93646	99.382034	848.9523	-599.01056	-717.78973	61.53025	10368.209448337555
196	8988.988	242.49716	9238.629	8582.291	9794.564	193.23103	10007.74	9433.637	1000.0	1000.0	980000	716.3145	100.046776	853.51355	-720.7005	716.31433	100.05059	853.349	-718.60535	-718.2043	61.57874	10427.912862062454
197	9004.686	158.36218	9194.754	8750.978	9592.304	118.543976	9870.651	9446.172	1000.0	1000.0	985000	716.84186	100.78023	852.66925	-746.37213	716.8418	100.7759	857.8151	-741.7751	-719.05304	60.2779	10483.932423353195
198	9217.786	178.88393	9399.821	8920.559	9771.374	229.19559	10048.88	9306.572	1000.0	1000.0	990000	717.5063	99.84792	853.3432	-608.2085	717.50665	99.84589	853.43414	-627.5817	-719.5048	60.18004	10547.081401109695
199	9032.966	112.34427	9194.687	8849.061	9766.842	152.96562	9942.691	9509.249	1000.0	1000.0	995000	718.4088	99.23213	858.00055	-661.27545	718.4092	99.23056	855.9926	-611.1615	-720.3201	59.1708	10604.845136165619
