Epoch	AverageEpRet	StdEpRet	MaxEpRet	MinEpRet	AverageTestEpRet	StdTestEpRet	MaxTestEpRet	MinTestEpRet	EpLen	TestEpLen	TotalEnvInteracts	AverageQ1Vals	StdQ1Vals	MaxQ1Vals	MinQ1Vals	AverageQ2Vals	StdQ2Vals	MaxQ2Vals	MinQ2Vals	LossPi	LossQ	Time
1	-276.06183	89.27319	-177.26186	-440.87378	-463.35416	10.678775	-444.17093	-484.13654	1000.0	1000.0	5000	1.4662799	2.51056	19.036053	-6.662595	1.4667649	2.5145326	18.543337	-7.0148344	-2.4791474	0.29739642	48.18695902824402
2	-286.27747	52.91248	-213.99083	-353.2776	-765.71106	40.19429	-704.02997	-836.00507	1000.0	1000.0	10000	10.910229	8.320567	54.12626	-5.96049	10.909994	8.322425	55.07555	-5.8490787	-12.782937	1.3872634	96.926842212677
3	-328.11166	300.65643	31.798315	-708.59534	-330.08633	303.91052	-107.64546	-1177.5911	1000.0	1000.0	15000	17.291464	8.372406	54.80644	-2.1261911	17.290787	8.371824	53.552258	-2.050503	-18.800474	1.682128	148.9154200553894
4	-195.39969	167.97313	17.28539	-420.16812	811.4551	395.5018	1630.5765	174.05357	1000.0	1000.0	20000	21.18929	13.215859	80.9731	-7.3253393	21.18918	13.215533	78.05344	-8.761286	-22.864037	2.5544941	209.13572907447815
5	1098.52	379.3308	1560.0157	609.1845	1800.4479	682.45355	2519.7073	583.84735	1000.0	1000.0	25000	26.284203	21.366009	106.12597	-9.0778675	26.284206	21.364876	105.67202	-9.768537	-27.898804	4.1130943	267.60051012039185
6	2328.0132	798.5683	3134.2314	1077.0111	3024.7556	181.81122	3176.9016	2533.801	1000.0	1000.0	30000	38.801746	33.58053	153.1448	-11.825368	38.80143	33.579033	156.00302	-11.840519	-40.839176	7.6499734	323.57131695747375
7	2830.5483	959.76825	3438.339	940.3153	3378.306	1082.8137	4611.7754	1185.8615	1000.0	1000.0	35000	59.22428	47.063114	181.10005	-13.769516	59.22309	47.062138	181.58815	-16.25122	-61.496624	12.353652	384.74773502349854
8	3568.0767	339.43967	4050.6924	3217.2217	4236.4224	399.89798	4786.414	3591.1655	1000.0	1000.0	40000	81.52086	59.624474	221.51086	-20.436298	81.52009	59.62114	219.58157	-21.852169	-83.829544	18.188719	441.461718082428
9	4010.7336	886.77893	5021.924	2384.9958	4202.7515	381.79123	4965.3096	3774.8066	1000.0	1000.0	45000	104.086235	71.16913	250.35239	-16.626131	104.085495	71.16392	250.94812	-15.963102	-106.66812	24.952057	503.06043696403503
10	4351.697	805.1552	4917.0415	2779.785	3820.8809	1387.4752	5202.067	1062.9563	1000.0	1000.0	50000	127.7543	82.25166	281.5395	-11.13734	127.75377	82.2482	283.49496	-15.550992	-130.16489	31.729944	562.3444561958313
11	4176.264	1313.904	5275.997	1597.2283	5118.6587	149.15788	5333.022	4894.137	1000.0	1000.0	55000	149.2859	92.80514	308.47083	-19.33052	149.28519	92.80206	307.37674	-21.688835	-152.1036	36.37775	619.032820224762
12	4894.914	285.10825	5267.148	4542.0317	5506.04	105.1465	5686.225	5352.121	1000.0	1000.0	60000	173.41653	101.08596	329.54993	-28.183798	173.4164	101.08425	329.66464	-18.380112	-176.31018	38.392544	673.1543490886688
13	5239.5874	87.28289	5352.0234	5158.751	5571.147	91.29398	5694.251	5436.575	1000.0	1000.0	65000	196.66086	108.00742	349.3014	-16.423927	196.66016	108.00584	348.6874	-21.175472	-199.5758	38.601284	725.2940351963043
14	5284.0015	71.80055	5368.566	5154.0503	5109.29	184.08867	5415.192	4823.7236	1000.0	1000.0	70000	217.60696	113.11632	363.9242	-14.990678	217.60597	113.11569	365.18292	-16.115889	-220.57414	38.29525	777.2187292575836
15	5184.8525	244.71245	5427.751	4767.9814	5722.6074	110.95727	5899.262	5475.339	1000.0	1000.0	75000	236.37695	116.76121	379.36716	-4.390897	236.3763	116.76054	377.74487	-8.1106205	-239.37665	38.247406	828.9273481369019
16	5192.18	161.5402	5357.0293	4906.5205	5648.591	63.149956	5745.478	5559.492	1000.0	1000.0	80000	253.48877	119.50014	390.68692	-20.043789	253.48729	119.500694	390.662	-11.381426	-256.1661	37.89965	880.7843933105469
17	5239.304	154.2216	5452.4985	5047.7515	5694.4053	116.18927	5877.93	5495.975	1000.0	1000.0	85000	268.02682	121.73704	399.5236	-17.267061	268.02588	121.73649	397.10468	-21.491936	-270.8729	38.368317	932.5280930995941
18	5428.4307	62.01105	5535.6196	5369.2866	5772.6763	101.73007	5964.4414	5605.9316	1000.0	1000.0	90000	281.95474	123.26238	406.55908	-15.168287	281.95425	123.26119	406.77228	-19.680412	-284.7815	37.63219	986.4779901504517
19	5491.2705	110.14877	5659.6626	5365.507	5665.1997	59.414585	5776.952	5551.353	1000.0	1000.0	95000	295.1944	123.898544	418.29553	-14.740747	295.19373	123.89818	418.77963	-5.258222	-297.92865	36.964783	1041.7520160675049
20	5415.3584	140.31915	5660.7524	5258.365	5372.76	97.42514	5537.4214	5266.097	1000.0	1000.0	100000	307.12607	124.90147	427.97055	-22.000626	307.12524	124.90109	426.72556	-14.695499	-309.9397	36.83499	1095.284231185913
21	5318.8545	270.2373	5631.024	4977.11	5787.486	117.60345	5936.6353	5504.554	1000.0	1000.0	105000	317.87552	125.18501	434.365	-12.676105	317.87482	125.18327	434.623	-3.9833064	-320.0476	35.90299	1150.6892793178558
22	5625.4863	127.90703	5752.7793	5415.629	5978.1553	66.65012	6079.3687	5876.5117	1000.0	1000.0	110000	327.77643	125.252945	441.3562	-14.174206	327.7762	125.252075	441.03738	-17.683947	-330.3936	34.99153	1206.1886761188507
23	5712.3564	106.75654	5846.0283	5544.8457	6130.361	103.42701	6344.041	5992.964	1000.0	1000.0	115000	337.07004	125.43037	449.0214	-23.15828	337.0691	125.42973	448.4256	-21.307093	-339.30453	35.28815	1258.4700729846954
24	5560.37	33.404644	5608.2153	5517.815	6098.757	68.131386	6190.6826	5960.4824	1000.0	1000.0	120000	345.41455	126.03956	454.76065	-39.27968	345.41357	126.03842	456.31247	-26.064995	-347.68555	35.16941	1310.4910299777985
25	5708.38	102.96811	5836.571	5530.719	6123.8984	92.79559	6330.746	6005.3643	1000.0	1000.0	125000	353.5869	125.87028	461.23135	-15.831818	353.58606	125.86929	462.50836	-21.81832	-355.6862	35.5128	1362.311273097992
26	5621.1865	107.76015	5747.24	5459.0894	6032.733	69.63107	6120.6567	5886.8706	1000.0	1000.0	130000	360.87195	125.87314	471.44473	1.6434467	360.87146	125.872734	470.12732	-0.19448352	-362.98734	35.187572	1414.352391242981
27	5714.5073	59.97394	5790.3345	5607.158	6095.781	72.38491	6279.1953	6022.4917	1000.0	1000.0	135000	367.3068	126.402885	476.63794	-14.565371	367.30643	126.39992	475.39288	-22.091715	-369.7057	35.16366	1466.2680082321167
28	5779.2046	120.72722	5911.691	5565.9165	6083.3906	87.11909	6247.226	5957.6987	1000.0	1000.0	140000	374.4404	125.70433	482.13354	-22.519747	374.43958	125.702705	480.42322	-22.926018	-376.94913	34.532482	1518.935636997223
29	5760.7764	101.06852	5903.188	5608.057	6233.057	75.31618	6359.886	6145.329	1000.0	1000.0	145000	380.6589	125.913376	487.27933	-31.229515	380.6588	125.910446	484.7046	-22.671556	-382.68536	35.31325	1570.6231231689453
30	5861.403	84.65722	5997.337	5749.2764	6019.8926	117.18563	6208.0825	5863.6973	1000.0	1000.0	150000	386.93362	125.83586	493.03036	-17.116062	386.93317	125.83423	489.59674	-20.741823	-389.32785	35.27941	1622.3462221622467
31	5824.4683	175.93445	6107.262	5588.8696	6012.2036	46.664482	6111.964	5949.9775	1000.0	1000.0	155000	392.91302	125.681786	496.73413	-17.06858	392.91257	125.67984	497.33972	-25.453632	-395.12585	35.59087	1673.8654351234436
32	5844.6743	173.39427	6098.653	5634.555	6324.595	67.104996	6411.52	6185.002	1000.0	1000.0	160000	398.5454	125.46643	501.90033	-27.196903	398.54517	125.464554	501.6596	-15.478509	-400.55975	34.513958	1725.5347061157227
33	5964.669	172.99477	6233.8374	5696.442	6413.2627	87.167625	6610.751	6316.3735	1000.0	1000.0	165000	404.02365	125.1206	503.86502	-14.217453	404.0225	125.11912	503.0152	-25.646545	-406.10516	34.645782	1777.1932141780853
34	5984.6904	46.47383	6037.1084	5916.4478	6308.3843	74.21574	6465.735	6206.6924	1000.0	1000.0	170000	408.85062	125.3461	507.75223	-29.65704	408.85022	125.34356	509.0941	-35.85769	-410.68472	34.058987	1829.0120282173157
35	6054.5	123.2121	6241.5786	5937.817	6231.1333	88.40562	6400.1924	6069.5435	1000.0	1000.0	175000	414.08716	124.85116	511.84082	-23.626604	414.08646	124.84952	512.334	-22.091513	-416.37604	34.092514	1880.8858711719513
36	5942.2295	136.20387	6192.1045	5808.5654	6272.5234	74.68736	6366.7515	6118.2935	1000.0	1000.0	180000	418.53928	125.168594	516.6188	-21.65266	418.53867	125.16672	516.2208	-39.33376	-420.7349	33.77322	1932.9153530597687
37	5984.64	148.66153	6223.3486	5801.996	6008.689	111.749886	6261.1714	5852.32	1000.0	1000.0	185000	423.2304	124.27498	516.9186	-42.64918	423.22964	124.2734	518.88525	-61.159847	-425.5797	33.40474	1984.8784229755402
38	5898.627	143.18228	6138.0356	5727.7754	6461.2114	142.23561	6647.766	6179.7397	1000.0	1000.0	190000	427.25436	123.86836	521.79065	-16.35024	427.25394	123.86666	521.7036	-17.955019	-429.5473	33.638344	2036.8982031345367
39	6178.0967	38.63751	6251.937	6139.5264	6481.108	111.74524	6750.5938	6322.729	1000.0	1000.0	195000	431.28192	123.54684	523.23926	-21.914877	431.28146	123.54403	523.0573	-38.12965	-433.3802	33.275757	2088.779051065445
40	6012.1714	84.235664	6089.0483	5852.3433	6366.164	68.504486	6444.128	6194.8286	1000.0	1000.0	200000	435.8962	122.223694	530.30884	-24.57322	435.89578	122.22156	526.46545	-24.202953	-437.8418	32.18669	2140.7391171455383
41	6094.013	120.203766	6217.5596	5891.1733	6497.4443	113.64813	6705.001	6252.083	1000.0	1000.0	205000	439.93375	121.814125	533.1988	-20.01078	439.9339	121.81098	531.20905	-13.634535	-442.28754	31.611612	2193.169070005417
42	6054.3003	130.81093	6275.8267	5901.0103	6521.8145	115.90256	6733.3784	6331.0215	1000.0	1000.0	210000	444.38007	120.31612	532.86206	-15.099861	444.37952	120.314095	533.0813	-42.586014	-446.38516	32.277653	2245.368640899658
43	6186.651	53.53368	6238.241	6106.1025	6516.3804	82.29741	6680.1743	6391.524	1000.0	1000.0	215000	447.99585	119.998566	535.9534	-11.707978	447.99527	119.9973	536.1725	-10.26428	-449.9119	31.60065	2297.5093240737915
44	6032.63	320.18558	6287.405	5400.4976	6425.7373	204.12778	6755.2544	6049.342	1000.0	1000.0	220000	451.1727	120.15571	539.4092	-37.569843	451.17288	120.15238	538.26984	-30.808434	-453.1032	32.00898	2349.626435995102
45	5567.767	1215.4017	6343.929	3144.1133	6289.818	93.54624	6473.862	6153.412	1000.0	1000.0	225000	454.32947	120.19223	541.68567	-30.023897	454.32895	120.18989	542.1322	-16.368145	-456.3097	32.869656	2401.7380032539368
46	6218.504	154.89789	6324.129	5914.2354	6401.419	89.51681	6532.387	6236.0425	1000.0	1000.0	230000	457.24774	120.28444	544.19543	-15.315501	457.24774	120.280045	546.1466	-32.041203	-459.13385	33.73263	2453.824769973755
47	6240.3345	115.18688	6414.0093	6063.4536	6448.5312	120.54098	6712.2495	6259.507	1000.0	1000.0	235000	460.55862	120.22918	547.6779	-27.650051	460.55865	120.22558	548.92096	-18.143904	-462.36	33.20338	2507.7769770622253
48	6307.2764	57.91733	6363.9116	6200.4243	6722.663	77.92381	6912.3823	6649.9565	1000.0	1000.0	240000	463.74213	119.93027	550.63794	-19.704716	463.74176	119.928185	551.0912	-23.40783	-465.4913	33.367107	2560.2314159870148
49	6248.7104	198.82964	6527.5693	5930.952	6669.3193	84.263054	6837.7456	6583.3105	1000.0	1000.0	245000	466.71045	119.343666	553.42865	-34.42282	466.71057	119.33956	553.6447	-34.638763	-468.4873	35.101746	2615.196422100067
50	6333.4414	170.30087	6595.5557	6189.462	6692.9873	97.729126	6827.99	6546.6924	1000.0	1000.0	250000	469.52887	118.95815	557.8763	-41.901882	469.52847	118.95637	555.8478	-22.7004	-471.3951	35.570023	2670.6047999858856
51	6281.382	222.90439	6530.698	5868.319	6930.319	106.53825	7074.5195	6777.9106	1000.0	1000.0	255000	472.278	118.823494	555.90015	-50.369846	472.27805	118.81993	556.27954	-28.994846	-474.3626	35.794994	2728.5750620365143
52	6293.1636	137.81323	6467.896	6104.269	6966.4414	77.15826	7113.074	6836.3604	1000.0	1000.0	260000	475.08856	117.89511	559.3093	-48.615963	475.08914	117.890945	561.65125	-59.79343	-476.9046	35.551083	2785.4446601867676
53	6213.294	201.23882	6521.3315	5889.6543	6725.1226	99.50639	6862.2173	6530.0977	1000.0	1000.0	265000	477.81625	117.121704	561.15027	-19.455692	477.81607	117.11781	563.1819	-31.916132	-479.7359	34.967636	2844.5049850940704
54	6319.5835	164.42421	6571.043	6103.1934	7018.5063	101.226616	7198.787	6890.24	1000.0	1000.0	270000	480.12042	117.33153	567.1405	-46.175587	480.12048	117.32921	565.91907	-35.05487	-482.0801	36.130157	2899.805796146393
55	6418.4985	161.76743	6646.029	6148.7246	6393.098	158.519	6538.752	6020.4785	1000.0	1000.0	275000	482.84784	116.36624	566.0105	-46.98021	482.84723	116.36281	566.7928	-61.920452	-484.55084	34.909286	2960.0553481578827
56	6464.659	124.14364	6570.444	6228.0693	7051.3594	112.97818	7228.784	6871.195	1000.0	1000.0	280000	485.4033	115.71622	566.7717	-34.065807	485.4033	115.71288	567.6039	-30.007225	-487.33786	36.00656	3021.7443010807037
57	6525.788	42.476532	6576.0703	6454.0083	6530.814	102.189026	6636.0483	6329.497	1000.0	1000.0	285000	487.76865	115.60645	576.2406	-39.540966	487.76904	115.6018	577.1547	-29.751451	-489.7227	35.10598	3087.1663842201233
58	6229.3477	368.2564	6623.878	5544.55	6785.8193	198.91248	7194.5117	6420.6094	1000.0	1000.0	290000	490.42667	115.16723	577.94336	-22.75043	490.4263	115.163795	577.60223	-29.658905	-492.6272	35.73194	3150.4043922424316
59	6281.3223	194.97887	6525.042	6012.979	7058.3047	95.62156	7191.638	6891.238	1000.0	1000.0	295000	492.61874	115.296036	580.11255	-40.339497	492.6188	115.292755	579.45135	-35.192303	-494.08304	37.84153	3216.0328850746155
60	6469.757	137.4852	6641.7363	6224.299	6247.9087	1199.0027	6821.9014	2659.986	1000.0	1000.0	300000	495.39398	114.400345	582.4014	-52.085136	495.39365	114.39637	582.2803	-46.54942	-497.1645	36.63181	3279.940441131592
61	6446.714	231.65051	6792.5444	6120.3354	6814.4336	54.432068	6903.434	6731.355	1000.0	1000.0	305000	497.78943	114.66941	585.6585	-19.83296	497.78998	114.66414	583.93384	-30.516123	-499.53595	37.086517	3347.1140489578247
62	6521.356	131.87767	6710.6475	6352.9185	6681.806	73.87831	6818.383	6594.348	1000.0	1000.0	310000	499.99667	114.19331	585.43005	-82.53461	499.99664	114.18951	585.36523	-67.16117	-501.9125	37.448143	3412.3746111392975
63	6423.081	54.428448	6520.142	6369.2515	6716.242	114.43668	6918.2036	6532.7573	1000.0	1000.0	315000	502.16632	114.24059	587.10626	-42.979195	502.16693	114.235985	586.8022	-38.262127	-503.8586	38.414795	3475.747005224228
64	6523.831	76.66095	6609.7046	6401.206	7228.379	104.21687	7346.027	6984.736	1000.0	1000.0	320000	504.27252	114.25148	588.746	-40.86463	504.2727	114.246506	588.85004	-28.716288	-506.2989	37.80798	3528.873638153076
65	6659.3164	107.60268	6781.1133	6483.7773	6921.0586	61.055756	7061.8975	6824.3657	1000.0	1000.0	325000	507.03607	113.41864	595.18585	-49.55677	507.0361	113.41421	595.0149	-49.52498	-508.9487	36.93729	3582.1779429912567
66	6673.043	88.80398	6811.995	6555.8647	7210.0757	84.68197	7315.085	7012.7627	1000.0	1000.0	330000	509.2228	113.638504	595.2052	-48.9495	509.22305	113.634995	594.33795	-54.96814	-511.19086	36.376976	3635.3050260543823
67	6632.901	75.90398	6722.426	6548.155	6518.396	119.51112	6678.4814	6332.821	1000.0	1000.0	335000	511.44748	113.86026	597.5936	-48.379734	511.4479	113.85494	596.6967	-49.35455	-513.2362	36.3509	3688.528023958206
68	6482.382	274.29123	6754.8257	6130.5254	6929.6353	90.58426	7068.328	6775.472	1000.0	1000.0	340000	513.22296	114.66922	597.0367	-75.447136	513.22327	114.66311	598.99457	-52.77162	-515.7112	36.360844	3741.6245250701904
69	6657.211	122.32972	6863.9165	6490.8384	7219.497	105.19573	7393.9385	7084.1987	1000.0	1000.0	345000	515.2522	114.34169	600.7763	-55.28726	515.2529	114.3353	598.32294	-48.877083	-517.1017	36.85177	3795.6962990760803
70	6821.7627	130.66827	7008.3223	6615.8247	7141.099	106.42267	7258.876	6883.3384	1000.0	1000.0	350000	517.478	114.055336	602.4882	-70.39648	517.4787	114.04973	602.527	-64.430046	-519.4006	35.87085	3848.2738139629364
71	6799.702	26.78684	6825.325	6752.7305	7060.1	72.99573	7156.716	6896.1685	1000.0	1000.0	355000	519.26215	114.69604	604.17456	-39.234344	519.2623	114.69119	605.09875	-32.504337	-521.3112	35.051517	3900.7445480823517
72	6878.2407	157.08078	7084.1	6614.3887	7027.6904	80.2781	7106.6035	6846.042	1000.0	1000.0	360000	521.8273	114.532234	606.1811	-75.00277	521.828	114.5249	607.55273	-82.505135	-523.69293	36.276836	3953.1850662231445
73	6811.0986	125.987274	6976.344	6672.502	7079.595	83.906334	7267.36	6972.5186	1000.0	1000.0	365000	524.1091	114.482994	610.51855	-61.234634	524.1097	114.4776	612.34326	-71.190765	-525.6603	35.634624	4005.60528922081
74	6822.95	90.282074	6917.7144	6684.234	7429.7236	101.33381	7600.839	7255.807	1000.0	1000.0	370000	526.5987	113.99948	612.9155	-42.7932	526.5989	113.99539	611.4793	-33.248264	-528.3248	35.03889	4058.0974712371826
75	6934.5557	115.573364	7145.475	6815.1313	7113.675	68.230255	7219.632	7033.2847	1000.0	1000.0	375000	528.76996	114.28759	618.68054	-31.770391	528.77	114.28072	618.7917	-24.805231	-531.0031	34.798836	4110.962111234665
76	6800.5806	82.526886	6929.5635	6691.4043	7397.232	75.377846	7511.732	7272.0244	1000.0	1000.0	380000	531.3622	113.815025	618.8099	-32.699696	531.3624	113.80991	616.7467	-26.829433	-533.4215	36.009636	4163.558061122894
77	6859.771	88.15717	6955.0737	6708.1406	6326.945	88.08844	6432.096	6193.5405	1000.0	1000.0	385000	533.33295	114.42462	622.54	-66.732956	533.3336	114.417885	620.8252	-43.571526	-535.2991	36.007435	4215.744776248932
78	6724.4907	345.97	6961.8228	6038.2354	7464.1553	66.62162	7550.902	7320.9697	1000.0	1000.0	390000	535.90094	113.62239	622.21893	-47.77104	535.9016	113.61649	622.878	-47.85455	-538.0635	36.96047	4268.13768696785
79	6948.157	177.11253	7137.246	6678.833	6896.9194	160.22804	7107.6265	6501.5547	1000.0	1000.0	395000	537.89966	113.97967	625.9788	-73.95104	537.89996	113.975365	625.63074	-99.842865	-539.8542	36.18946	4320.72003030777
80	6046.2817	1886.1525	7099.328	2279.2969	7347.315	107.57819	7590.601	7198.7373	1000.0	1000.0	400000	539.6084	114.24699	631.2541	-99.4967	539.6087	114.24228	633.481	-80.31827	-541.4684	37.595673	4373.209996938705
81	6993.7383	161.38077	7246.589	6761.6997	7503.3936	95.095215	7672.3237	7326.5415	1000.0	1000.0	405000	540.8532	115.85115	633.8556	-99.75581	540.853	115.84622	636.18195	-147.09323	-542.7741	36.34846	4426.025741100311
82	7080.582	141.66829	7232.956	6826.4136	7523.5415	74.113396	7655.921	7400.297	1000.0	1000.0	410000	543.5024	115.12892	636.49414	-98.98759	543.50287	115.1254	637.23987	-96.967705	-545.3255	37.931942	4479.006744146347
83	7100.336	79.21685	7215.561	7004.31	7505.072	94.02489	7627.47	7326.445	1000.0	1000.0	415000	546.06494	114.656166	638.11975	-169.48615	546.06506	114.652214	636.6815	-144.96234	-547.75977	39.058723	4531.664941072464
84	7111.971	46.12456	7160.7876	7032.3345	7225.1396	141.16672	7485.7993	6920.495	1000.0	1000.0	420000	548.1054	115.07605	641.4511	-122.298615	548.10565	115.0711	641.5871	-144.44615	-549.9283	39.272972	4584.282843112946
85	7157.784	103.01296	7312.785	7032.2637	7489.169	118.40863	7673.3267	7317.7964	1000.0	1000.0	425000	550.2353	115.07245	641.3964	-82.11896	550.2354	115.06727	641.608	-118.586655	-552.20215	38.933807	4636.772356033325
86	7199.331	138.60063	7443.7163	7047.1094	7516.547	82.45931	7617.0586	7372.3325	1000.0	1000.0	430000	552.52124	114.55779	643.9289	-71.47202	552.5212	114.55525	645.79486	-85.45687	-554.3243	37.721672	4689.370145082474
87	7255.288	220.96976	7643.019	7024.019	7621.543	101.2976	7775.1387	7392.3896	1000.0	1000.0	435000	554.5992	114.73185	653.41077	-80.40185	554.59894	114.72712	651.74554	-80.272675	-556.84875	39.44175	4741.767924308777
88	7253.772	156.79259	7431.357	6984.9595	7790.0938	155.60309	8069.4404	7480.824	1000.0	1000.0	440000	557.1749	113.27665	658.01685	-107.040596	557.1745	113.27436	659.1921	-56.801914	-558.8893	38.445045	4794.681490182877
89	7273.5166	214.47581	7457.0127	6857.327	7559.1104	142.1343	7795.4404	7329.1533	1000.0	1000.0	445000	559.6864	113.61043	659.6913	-71.766045	559.68665	113.60591	661.26624	-103.46868	-561.5236	38.09026	4847.287581205368
90	6291.712	1657.1996	7409.4575	2991.89	7728.8076	95.44953	7878.6567	7607.6436	1000.0	1000.0	450000	561.2306	115.49492	661.00287	-120.17575	561.2304	115.49196	661.1668	-126.43602	-563.28534	39.561714	4899.971600055695
91	7183.513	175.34163	7340.5557	6880.9995	7598.3765	98.66368	7728.298	7392.879	1000.0	1000.0	455000	563.599	115.153496	662.2823	-97.53694	563.5995	115.14791	663.70215	-114.01644	-565.7273	39.874626	4952.705642938614
92	7187.15	146.97496	7456.5366	7038.263	7672.259	58.900635	7814.2563	7600.909	1000.0	1000.0	460000	565.61865	115.58271	666.739	-108.16314	565.6191	115.577545	666.08307	-95.2396	-567.7188	40.082253	5005.551150083542
93	7343.5156	109.79065	7540.0376	7205.9985	7432.9375	153.67574	7599.1353	7204.5684	1000.0	1000.0	465000	567.6375	115.39623	665.6438	-84.780235	567.6375	115.39218	665.15045	-81.66489	-569.32104	40.644955	5058.427273273468
94	7252.458	123.43228	7377.73	7018.2754	7603.1396	144.14345	7789.882	7321.7827	1000.0	1000.0	470000	569.1355	116.01992	671.3751	-79.18386	569.1358	116.01564	669.9798	-113.443085	-570.55145	39.3836	5111.557500123978
95	6295.3994	2208.1553	7595.998	1889.0154	7909.4595	94.8485	8050.814	7680.592	1000.0	1000.0	475000	569.9592	117.40801	670.0691	-71.42952	569.959	117.403725	668.9302	-76.98337	-571.8962	38.52862	5164.535774230957
96	7486.0967	71.511055	7567.326	7373.278	7845.8335	101.80649	7995.868	7707.571	1000.0	1000.0	480000	572.27216	116.58465	674.4894	-73.76021	572.27264	116.57833	673.38934	-58.452507	-574.2092	39.37117	5217.266768217087
97	7441.194	42.341244	7494.6685	7372.433	7678.581	80.790085	7831.5684	7574.1865	1000.0	1000.0	485000	574.20416	116.901955	673.5255	-65.294365	574.20416	116.89741	672.9222	-114.593925	-576.3674	42.32198	5270.051993131638
98	7265.1226	85.67499	7360.006	7117.7188	7227.7275	1674.7764	8011.689	2217.6523	1000.0	1000.0	490000	576.009	116.2543	674.3655	-91.74495	576.00946	116.24893	676.1417	-107.72671	-577.9975	41.520382	5322.9798040390015
99	7399.185	132.87694	7551.2373	7207.377	7763.465	130.7702	7959.155	7496.9287	1000.0	1000.0	495000	577.3308	116.33415	675.74384	-79.492744	577.33057	116.32992	675.62585	-81.03509	-579.0062	41.498795	5375.895622014999
100	7542.3135	223.93863	7758.9165	7111.807	7977.626	108.708694	8220.707	7843.3833	1000.0	1000.0	500000	578.73206	116.569374	677.7558	-93.17295	578.7324	116.564285	676.94116	-114.88669	-580.7185	43.938793	5429.083446025848
101	7437.3213	234.37679	7744.938	7025.168	7136.7314	1328.4987	7921.2153	3209.6018	1000.0	1000.0	505000	580.24347	116.490105	682.3015	-113.061775	580.24347	116.48402	682.6461	-122.88257	-582.2158	43.62874	5481.969230175018
102	6595.632	1746.1268	7616.98	3109.2734	7740.0576	169.47325	7991.9453	7506.5728	1000.0	1000.0	510000	581.9885	116.82122	684.2045	-99.41583	581.98834	116.81738	683.7981	-142.54138	-584.0414	43.306046	5534.933664083481
103	7398.5635	199.87912	7636.634	7045.786	7828.905	119.11775	8005.5967	7652.7515	1000.0	1000.0	515000	583.9999	116.17121	683.94305	-92.35079	583.99963	116.167046	685.62836	-99.83059	-586.00085	42.098392	5587.949921131134
104	7504.0337	118.64589	7689.922	7364.198	7954.879	124.70363	8204.082	7771.5596	1000.0	1000.0	520000	585.4134	116.78369	687.2098	-94.14716	585.41284	116.7807	683.4547	-82.68655	-587.61334	42.665035	5640.837408065796
105	7544.1523	178.36389	7759.2256	7247.485	7792.1787	120.8018	8020.868	7640.877	1000.0	1000.0	525000	587.31726	116.00723	689.066	-95.42345	587.3176	116.003075	685.91394	-75.327644	-589.22614	42.679058	5694.101279258728
106	7611.676	142.19801	7805.7866	7367.1064	7960.1523	112.88909	8170.524	7770.58	1000.0	1000.0	530000	588.6354	116.67597	687.8974	-73.767395	588.6348	116.67338	688.42676	-66.062775	-590.7446	42.08762	5747.148941993713
107	7564.7217	211.77492	7831.6924	7198.3223	7913.7783	91.39011	8040.194	7720.0254	1000.0	1000.0	535000	590.86725	116.0327	691.48285	-113.69155	590.86743	116.03016	690.4753	-74.20092	-592.93713	42.597923	5800.292358160019
108	7422.768	149.26524	7589.494	7196.1797	7788.72	126.365295	8027.433	7621.449	1000.0	1000.0	540000	592.8879	116.19542	691.8077	-143.91727	592.8874	116.191605	690.622	-77.3237	-594.7124	45.100967	5853.364448070526
109	7509.7446	78.74187	7598.0234	7366.9404	7918.538	66.906334	8033.047	7810.619	1000.0	1000.0	545000	594.4489	116.02858	697.6568	-98.85396	594.44867	116.024445	693.4385	-91.872574	-596.5073	44.61292	5906.730358123779
110	7650.493	186.60027	7863.665	7400.107	7889.868	65.35515	8025.6484	7798.386	1000.0	1000.0	550000	596.23895	115.88015	695.23535	-113.6454	596.2385	115.87746	696.1916	-87.0002	-598.41064	43.495064	5959.7484221458435
111	7750.2983	135.3152	7918.423	7508.158	8094.4077	159.98082	8470.532	7909.6665	1000.0	1000.0	555000	597.6773	116.08724	699.99835	-62.878857	597.6768	116.08574	699.2381	-59.639065	-600.1959	43.7028	6012.877435207367
112	7657.0728	74.45906	7776.0444	7551.933	7999.685	100.402405	8151.8535	7820.7905	1000.0	1000.0	560000	599.3777	115.43786	700.8718	-61.725094	599.3776	115.43205	700.8064	-60.527126	-601.6598	44.368084	6065.8836941719055
113	7675.6924	169.43024	7957.756	7445.017	8211.262	175.63019	8478.72	7846.1577	1000.0	1000.0	565000	601.18585	114.18265	704.4086	-57.23833	601.18604	114.17742	702.71454	-57.020283	-603.3504	44.455444	6118.916850090027
114	7460.0312	338.91565	7998.06	7130.259	8084.8047	109.15423	8248.575	7886.0127	1000.0	1000.0	570000	602.593	114.48083	706.9538	-88.23051	602.5937	114.4725	704.689	-98.19906	-604.58234	45.839607	6171.809602022171
115	7480.9404	141.36125	7667.1904	7236.9766	8153.839	142.76967	8308.461	7756.1963	1000.0	1000.0	575000	603.67395	115.05868	705.4109	-108.3592	603.6743	115.04997	705.30865	-122.29754	-605.62726	48.648964	6224.97439622879
116	7396.922	567.5675	7989.756	6555.0806	8030.579	99.47037	8187.35	7798.976	1000.0	1000.0	580000	605.71735	113.342125	708.59784	-122.754906	605.718	113.33585	707.9982	-110.07454	-607.7613	50.720295	6281.130861997604
117	7822.4834	72.94489	7914.0303	7718.223	8294.26	82.52721	8459.138	8147.0	1000.0	1000.0	585000	606.27637	114.4577	708.0682	-111.08675	606.27606	114.453636	708.22144	-103.367905	-608.3741	50.268906	6334.699255943298
118	7906.4326	144.66515	8092.7734	7690.013	8037.5156	83.03356	8183.038	7916.5674	1000.0	1000.0	590000	607.4864	113.723236	711.1579	-58.627014	607.48615	113.71764	711.4689	-111.06685	-609.24725	46.620506	6388.407399177551
119	7911.461	254.15324	8199.955	7624.9683	8329.903	126.50341	8506.474	8100.116	1000.0	1000.0	595000	608.6665	114.02663	717.50336	-87.44544	608.6667	114.0209	718.4009	-86.68704	-610.8644	47.418617	6442.272445201874
120	7881.608	169.05313	8085.6455	7615.5503	7684.65	1999.3196	8515.43	1703.9271	1000.0	1000.0	600000	610.1873	113.12926	719.26337	-106.7872	610.1881	113.12326	720.1408	-94.95896	-612.43915	48.710636	6496.0459241867065
121	7960.0186	149.64789	8121.188	7690.092	8440.756	82.31508	8567.022	8309.772	1000.0	1000.0	605000	611.8151	113.12068	720.76263	-81.01933	611.8148	113.11475	720.12213	-96.49252	-614.2688	49.121105	6551.444221258163
122	8027.04	200.02695	8203.214	7703.778	8606.272	107.00404	8802.427	8475.355	1000.0	1000.0	610000	612.9982	113.390045	721.59717	-130.08556	612.9985	113.382385	719.66345	-143.56717	-615.26764	48.038853	6613.747283220291
123	8045.034	103.78318	8241.999	7950.14	8373.889	89.22423	8536.569	8211.291	1000.0	1000.0	615000	614.23627	113.16377	723.8437	-112.22363	614.2369	113.15608	722.6982	-121.098434	-616.2891	48.419697	6670.516299009323
124	8147.12	32.111977	8190.3696	8091.105	8432.605	121.17953	8638.696	8191.71	1000.0	1000.0	620000	615.7636	113.461006	724.57587	-102.141014	615.76324	113.45535	725.48175	-116.21595	-617.8854	50.715633	6727.294812202454
125	8153.5264	76.291595	8261.885	8035.1304	8562.993	66.116066	8696.359	8466.462	1000.0	1000.0	625000	616.96063	113.6529	726.7109	-125.59618	616.9613	113.64385	726.3387	-125.62946	-618.8446	49.5889	6783.925451040268
126	8116.6626	171.77838	8273.975	7805.667	8333.146	102.859146	8497.687	8115.9985	1000.0	1000.0	630000	618.5716	113.31619	728.9607	-130.09776	618.5711	113.31258	729.3065	-151.84299	-620.7411	49.518555	6840.019604206085
127	8107.0806	126.79478	8322.595	7958.393	8446.202	89.825836	8614.083	8318.411	1000.0	1000.0	635000	619.7894	113.084335	730.7379	-124.59094	619.78864	113.08353	728.9791	-131.29901	-621.7369	49.614395	6895.284650325775
128	8065.0107	146.83424	8229.073	7865.4673	8204.711	211.29169	8393.543	7845.33	1000.0	1000.0	640000	620.8556	112.90039	729.3227	-66.354774	620.85547	112.89669	729.91656	-61.38871	-622.7831	48.839687	6951.040705919266
129	8021.0923	186.57008	8274.297	7699.3013	8585.717	128.64554	8710.642	8277.335	1000.0	1000.0	645000	622.38055	112.8267	730.09973	-70.27124	622.38007	112.821205	732.6498	-57.8003	-624.602	47.975292	7006.645654916763
130	8275.385	174.20932	8572.899	8059.694	8698.127	62.10074	8786.552	8584.586	1000.0	1000.0	650000	624.35315	112.43295	734.45233	-151.0586	624.35364	112.42506	735.26166	-143.18697	-626.47815	49.268864	7061.704343080521
131	8142.3687	173.87889	8340.039	7818.4165	8619.998	79.35593	8741.417	8452.162	1000.0	1000.0	655000	625.8717	112.027954	738.5428	-66.573524	625.87134	112.02515	739.6017	-82.67647	-627.7267	48.307667	7116.798835277557
132	8269.787	179.02434	8545.135	8034.0396	8373.756	139.42932	8611.118	8091.824	1000.0	1000.0	660000	627.41144	112.35204	740.6512	-82.18708	627.41113	112.34718	739.6552	-73.363976	-629.4968	47.57632	7171.948507070541
133	8084.9844	200.4526	8453.382	7842.846	8512.201	122.885796	8738.109	8363.855	1000.0	1000.0	665000	628.8438	112.41185	740.35364	-83.05812	628.8443	112.40375	740.5601	-65.660126	-630.7865	47.8337	7227.44545507431
134	8227.229	174.14223	8532.112	8093.8525	8093.63	1897.2545	8959.942	2425.4453	1000.0	1000.0	670000	630.22266	112.88604	740.55206	-65.71481	630.22217	112.88225	741.4214	-64.867714	-632.4291	47.71154	7282.827615976334
135	8138.96	248.09215	8424.588	7728.2656	8518.568	94.12119	8612.852	8271.522	1000.0	1000.0	675000	632.6587	110.890015	744.17456	-46.357918	632.65906	110.881065	746.10236	-56.419876	-634.6892	46.24086	7338.213829040527
136	7983.482	294.0096	8312.5205	7435.547	7835.4194	127.48329	8033.34	7668.7603	1000.0	1000.0	680000	634.21515	110.97517	751.2123	-105.15287	634.2149	110.97137	750.57965	-59.70615	-636.46216	48.021687	7394.457468032837
137	8270.353	263.03046	8662.628	7852.092	8796.472	108.282104	9051.609	8608.205	1000.0	1000.0	685000	635.74963	111.32308	749.4817	-125.08339	635.7496	111.31356	750.46533	-67.43138	-637.8364	47.228848	7450.088504076004
138	8217.058	201.42607	8454.887	7983.6724	8790.812	97.31059	8991.086	8690.641	1000.0	1000.0	690000	637.3637	111.70514	752.5811	-137.73613	637.36365	111.69992	752.27094	-82.03111	-639.6586	48.084282	7505.895421266556
139	8108.468	307.55585	8468.448	7729.216	8755.059	186.30322	9007.437	8389.769	1000.0	1000.0	695000	638.92365	112.18583	755.6544	-61.242317	638.9238	112.18084	754.8111	-84.695984	-641.2461	46.74069	7561.789657115936
140	8358.55	145.6562	8567.566	8123.721	8762.874	126.75454	8949.384	8601.637	1000.0	1000.0	700000	640.37885	111.81947	753.7365	-65.50202	640.37866	111.8121	753.6216	-77.52457	-642.7528	48.26503	7618.282220125198
141	8559.971	78.51453	8684.955	8475.973	8786.505	116.445114	8990.4	8583.585	1000.0	1000.0	705000	641.8469	112.14293	755.3026	-61.938744	641.8469	112.1356	756.82153	-68.179794	-643.76495	48.343544	7673.859061956406
142	8520.291	110.548164	8645.215	8390.852	8746.174	105.872665	8923.84	8569.34	1000.0	1000.0	710000	643.61127	112.23948	756.7198	-92.49188	643.61127	112.23439	756.41614	-92.498375	-645.7469	48.23368	7729.763377189636
143	8374.586	74.85698	8470.145	8249.453	8731.557	128.22258	8900.087	8458.04	1000.0	1000.0	715000	645.28644	111.82042	761.4758	-126.98748	645.28644	111.81305	759.7169	-157.35893	-647.6163	49.312416	7785.485522270203
144	8506.186	116.4142	8714.7705	8405.423	8918.4	77.28589	9042.743	8804.725	1000.0	1000.0	720000	646.6277	112.35938	760.0808	-125.198944	646.62775	112.35254	758.8709	-128.76924	-648.7005	47.754906	7841.217425107956
145	8317.479	149.75528	8487.527	8092.4204	9087.27	161.35498	9319.365	8746.712	1000.0	1000.0	725000	648.722	111.76477	765.08826	-90.73498	648.7221	111.757614	763.17017	-129.31964	-650.8255	50.92782	7896.983455896378
146	8558.202	173.59676	8847.903	8343.862	9043.362	116.211494	9260.971	8840.332	1000.0	1000.0	730000	650.7134	111.70922	762.5043	-109.62462	650.7132	111.7018	765.06683	-93.97949	-652.92896	50.190697	7952.835225105286
147	8473.486	152.74818	8693.366	8253.445	8976.92	144.32933	9206.656	8752.1875	1000.0	1000.0	735000	651.8691	112.29052	764.3563	-76.893486	651.86914	112.28408	763.3383	-76.85247	-654.1675	49.01096	8008.746592998505
148	8487.324	55.588207	8550.304	8418.036	8859.507	145.81891	9024.56	8485.446	1000.0	1000.0	740000	653.0888	112.10432	764.28644	-82.15463	653.0888	112.0997	763.9287	-74.32573	-655.303	46.650356	8064.328005075455
149	8514.525	91.18321	8684.628	8424.159	8878.81	77.45874	9035.838	8723.968	1000.0	1000.0	745000	654.69904	111.737656	768.90295	-78.22366	654.6993	111.72993	769.9006	-77.39868	-657.1294	47.756416	8120.300099134445
150	8328.197	192.39398	8656.892	8127.153	8951.939	117.151566	9144.205	8780.082	1000.0	1000.0	750000	655.8911	111.55292	766.52386	-125.7315	655.89105	111.54617	766.7241	-108.97306	-658.3037	49.99078	8175.946380138397
151	8314.563	53.045128	8363.191	8233.695	9192.308	60.37846	9282.387	9078.184	1000.0	1000.0	755000	657.57715	111.26038	772.6255	-148.09251	657.57684	111.253395	770.8921	-89.36687	-659.7224	48.078606	8231.907434225082
152	8515.528	204.97456	8764.08	8141.635	8927.336	79.34409	9027.241	8765.846	1000.0	1000.0	760000	659.55554	110.994064	771.7776	-131.22401	659.5561	110.98325	772.4461	-92.59896	-661.7608	51.382668	8287.515089035034
153	8536.784	86.98928	8631.289	8379.212	9185.314	112.79447	9347.777	9022.792	1000.0	1000.0	765000	661.26105	111.36427	772.8219	-107.5891	661.2612	111.35422	772.78064	-146.7171	-663.3281	52.235626	8343.45166516304
154	8613.254	122.85451	8729.51	8444.633	9076.602	86.58845	9179.65	8955.535	1000.0	1000.0	770000	662.7066	111.061966	773.18677	-139.8363	662.70734	111.050186	772.7547	-143.15703	-664.9748	52.580864	8399.097106218338
155	8588.816	141.02614	8740.837	8387.9375	9228.887	109.77686	9433.38	9025.599	1000.0	1000.0	775000	664.0301	111.111946	775.03467	-132.788	664.03033	111.10298	776.8966	-130.42337	-666.194	51.69401	8454.99477815628
156	8666.673	69.45909	8787.486	8578.104	8944.916	116.65582	9130.049	8726.194	1000.0	1000.0	780000	665.8417	111.00387	776.44684	-58.08583	665.84143	110.99937	775.4549	-81.40736	-668.15466	52.131023	8517.761617183685
157	8469.787	199.08104	8749.038	8181.413	8825.366	192.61632	9116.083	8443.499	1000.0	1000.0	785000	667.2055	110.887054	777.1301	-75.71489	667.20593	110.87692	781.63763	-59.585968	-669.1646	49.549774	8575.16529917717
158	8646.261	124.520676	8745.6045	8410.956	8915.986	101.33404	9067.945	8729.749	1000.0	1000.0	790000	668.66724	110.86961	780.4094	-108.55142	668.6674	110.863914	779.7986	-103.374695	-670.77734	49.067894	8632.444110155106
159	8506.427	186.96338	8699.993	8217.126	8713.615	115.768074	8899.997	8525.889	1000.0	1000.0	795000	669.68854	111.10323	781.0376	-63.96653	669.6887	111.094955	779.9016	-65.786354	-671.9736	49.647423	8689.260329246521
160	8635.541	120.7603	8796.445	8432.636	8688.641	1359.8383	9289.082	4615.046	1000.0	1000.0	800000	670.7496	111.53936	783.1471	-82.41363	670.7492	111.531624	782.58954	-61.68301	-672.75	50.69112	8746.316634178162
161	8573.622	240.00458	8944.144	8227.362	9180.553	115.29069	9405.005	9032.944	1000.0	1000.0	805000	672.4706	110.08877	780.3931	-149.31238	672.4708	110.08173	783.1788	-81.77156	-675.0907	51.00264	8803.332973957062
162	8612.987	142.89674	8773.477	8439.03	9354.064	103.36045	9488.87	9133.772	1000.0	1000.0	810000	673.128	111.24217	784.1617	-80.71066	673.1276	111.23602	783.25604	-116.0096	-675.5567	51.85318	8860.176400184631
163	8665.998	186.80042	8955.606	8377.694	9295.59	161.80077	9535.076	8886.562	1000.0	1000.0	815000	674.37585	110.90254	784.6277	-96.20009	674.3757	110.89549	786.65753	-94.38443	-676.7845	50.15626	8916.746278047562
164	8660.766	127.76995	8828.059	8498.938	9228.857	103.698166	9449.916	9116.2295	1000.0	1000.0	820000	675.8678	110.410706	783.32135	-99.17853	675.8675	110.40421	784.6386	-153.25417	-678.1112	49.8034	8973.301707029343
165	8654.305	95.05445	8754.432	8520.8545	8960.267	108.142204	9095.937	8771.682	1000.0	1000.0	825000	676.98694	110.51651	788.904	-129.40717	676.98724	110.50881	791.16437	-125.252304	-679.32294	52.754227	9029.923727035522
166	8705.357	137.2597	8858.147	8489.18	9323.68	119.571434	9551.041	9170.07	1000.0	1000.0	830000	678.23834	110.080864	786.9165	-78.043434	678.23804	110.07375	784.6174	-79.68562	-680.2958	51.900543	9086.527591228485
167	8812.674	42.252987	8875.307	8762.778	8963.869	69.30027	9061.647	8853.739	1000.0	1000.0	835000	679.25165	109.57836	784.2382	-95.598755	679.2518	109.571724	786.11224	-88.40494	-681.5639	50.009026	9144.336187124252
168	7405.2256	2485.0088	8927.893	2449.424	8930.228	607.3664	9411.244	7177.3696	1000.0	1000.0	840000	679.7758	110.82119	789.8016	-137.21872	679.77625	110.81197	792.72345	-170.75398	-681.9195	49.989876	9200.552737951279
169	8770.471	86.23247	8875.268	8655.618	9335.568	87.160385	9475.121	9216.853	1000.0	1000.0	845000	680.8283	111.63004	791.6353	-135.22481	680.8276	111.623726	790.0228	-112.49623	-683.078	50.712933	9256.54035615921
170	8727.463	93.36611	8839.599	8621.743	9112.758	86.45215	9332.482	9006.567	1000.0	1000.0	850000	681.89307	111.23745	788.419	-85.414276	681.89233	111.2336	794.2399	-109.41295	-684.02216	48.99803	9312.890094995499
171	8651.084	51.061317	8705.677	8566.914	9397.506	69.090965	9510.734	9295.538	1000.0	1000.0	855000	683.16016	111.140274	791.2607	-142.12405	683.16034	111.13014	794.00745	-126.937515	-685.3181	49.865524	9369.203110218048
172	8666.994	221.74548	8976.695	8298.906	9138.269	80.47495	9244.51	8958.715	1000.0	1000.0	860000	684.27386	111.48516	793.622	-122.35276	684.2742	111.47653	793.311	-131.96484	-686.4967	51.324512	9425.41994214058
173	8311.267	977.04364	8955.6455	6365.776	9210.514	102.66851	9376.153	9005.623	1000.0	1000.0	865000	684.91296	111.94923	791.90875	-73.690216	684.91284	111.942894	791.37537	-94.91744	-687.2107	51.21293	9481.55621290207
174	8743.264	106.39389	8941.46	8619.983	9206.285	72.0657	9285.933	9061.128	1000.0	1000.0	870000	685.47595	113.02884	794.6909	-91.209755	685.47577	113.021225	795.40796	-66.85841	-687.81177	50.118637	9537.632317066193
175	8611.455	114.934364	8712.654	8392.6875	9336.234	78.28945	9524.785	9228.259	1000.0	1000.0	875000	687.0523	111.99712	796.10516	-82.051704	687.0517	111.98953	795.49774	-105.47912	-689.3245	50.339043	9593.665494918823
176	8783.159	187.49152	8991.028	8516.933	9349.278	103.19422	9528.3545	9177.996	1000.0	1000.0	880000	688.2822	111.85266	797.3153	-98.983635	688.28235	111.84593	795.37366	-116.13196	-690.354	50.560802	9649.872884273529
177	8798.834	177.35742	9127.704	8638.647	9155.854	141.73286	9373.176	8817.511	1000.0	1000.0	885000	689.97455	111.93541	798.2227	-125.12315	689.9735	111.928986	802.1148	-116.91502	-692.4764	49.963013	9706.052844047546
178	8679.006	132.93657	8824.896	8484.811	9188.433	113.7295	9338.747	8984.557	1000.0	1000.0	890000	691.1129	111.88773	801.6567	-248.12363	691.1136	111.87643	797.83746	-193.88731	-693.5558	51.056038	9762.26528930664
179	8931.375	153.22435	9158.111	8734.315	9070.658	87.93014	9182.425	8933.928	1000.0	1000.0	895000	692.46423	111.78475	804.2668	-138.42311	692.46387	111.7815	802.5736	-192.69267	-694.39996	50.782204	9822.325904130936
180	8642.982	236.07751	8900.334	8209.575	9297.009	174.7182	9518.701	8967.239	1000.0	1000.0	900000	693.45264	111.02085	801.37616	-114.11758	693.45184	111.01697	800.1691	-142.90425	-695.4512	50.451096	9882.136295080185
181	8872.968	217.95622	9250.08	8620.481	9447.883	101.206345	9601.475	9314.05	1000.0	1000.0	905000	693.51965	111.819885	801.28876	-95.38457	693.51965	111.81261	803.3886	-75.180374	-695.6043	49.496292	9939.08006811142
182	9026.169	104.365364	9169.339	8872.207	8687.217	102.61402	8829.858	8524.178	1000.0	1000.0	910000	694.6194	111.761505	802.45	-94.40541	694.6191	111.75633	803.3436	-105.944046	-696.6919	51.21292	9993.672751188278
183	8701.625	192.60101	8879.893	8331.364	9202.867	76.24182	9333.607	9104.837	1000.0	1000.0	915000	695.92944	111.29643	803.6383	-188.70561	695.9299	111.28558	807.58307	-179.54591	-698.3257	52.231014	10048.198182106018
184	8890.736	31.938759	8917.671	8830.034	9294.104	113.924995	9424.841	9122.957	1000.0	1000.0	920000	696.32983	112.30936	805.4402	-181.80371	696.3304	112.29712	807.2921	-140.53555	-698.6327	54.276512	10102.565176010132
185	8839.891	104.176926	8953.831	8685.036	9562.105	65.37528	9691.486	9459.498	1000.0	1000.0	925000	696.9434	112.95946	810.28326	-111.686295	696.94385	112.95047	805.446	-111.98258	-699.1684	51.09564	10156.821694135666
186	8941.783	119.12587	9086.999	8749.955	9175.567	93.789566	9376.898	9027.606	1000.0	1000.0	930000	698.1037	112.683784	804.5889	-165.42488	698.1035	112.67653	805.3166	-137.3437	-700.3839	51.7716	10211.199250221252
187	8854.644	187.58392	9089.698	8516.608	9172.739	83.77755	9305.941	9023.209	1000.0	1000.0	935000	699.27185	112.54478	809.0397	-238.22066	699.2727	112.532875	806.1241	-158.29285	-701.5542	52.465775	10265.693910121918
188	8749.389	169.92773	8932.931	8434.314	9232.503	198.87561	9534.25	8956.937	1000.0	1000.0	940000	700.66833	111.482994	808.27313	-131.87778	700.6684	111.474014	810.20355	-105.53744	-703.0044	50.602947	10319.862012147903
189	8822.834	100.960785	8934.374	8636.143	9388.564	111.79864	9548.502	9210.472	1000.0	1000.0	945000	701.2685	112.25107	811.4318	-128.92209	701.26855	112.24321	811.0585	-152.37871	-703.5102	52.65052	10374.362040996552
190	8928.338	177.83632	9126.333	8604.239	9310.3955	135.49593	9503.735	9143.297	1000.0	1000.0	950000	702.3425	112.64242	811.1632	-99.11686	702.34283	112.63304	814.6345	-106.02232	-704.7167	52.8156	10428.910195112228
191	8824.93	210.91307	9071.263	8499.196	9335.626	118.94776	9527.136	9157.678	1000.0	1000.0	955000	703.07495	112.8119	811.0609	-96.21215	703.0752	112.80478	811.3904	-127.0102	-705.1155	51.148514	10483.30228304863
192	8771.351	235.20634	9049.73	8462.866	9405.107	133.52802	9602.225	9158.67	1000.0	1000.0	960000	704.2812	112.00153	813.2663	-106.4922	704.2807	111.994156	814.6672	-133.23195	-706.4429	52.058155	10542.411368131638
193	8799.748	137.0624	8937.066	8568.811	9459.74	93.9523	9642.85	9342.444	1000.0	1000.0	965000	705.1026	112.10888	816.18225	-104.89431	705.1031	112.09926	817.9849	-96.331215	-707.0298	53.205925	10599.73355793953
194	8880.825	178.15138	9113.287	8585.47	9440.963	110.03558	9625.461	9265.863	1000.0	1000.0	970000	705.65924	111.99821	816.18695	-112.029335	705.6593	111.99246	814.45496	-124.363075	-707.7621	53.932312	10654.620660305023
195	8920.61	104.37798	9070.199	8787.544	9426.138	122.91435	9625.312	9155.387	1000.0	1000.0	975000	706.37115	111.58981	816.22424	-131.35011	706.3702	111.58562	815.3967	-190.31921	-708.39685	51.78818	10709.565752029419
196	8872.529	117.596596	9013.376	8725.817	9272.945	126.221664	9432.663	9081.719	1000.0	1000.0	980000	707.22217	111.722275	820.3757	-140.854	707.22253	111.715385	816.5324	-141.2062	-709.6245	53.32041	10764.64828324318
197	8897.944	144.14114	9149.701	8761.882	9301.698	87.93368	9461.581	9124.685	1000.0	1000.0	985000	707.97504	111.381325	814.6045	-134.56892	707.9748	111.37102	818.08875	-114.26186	-710.3765	51.651978	10819.849243164062
198	8935.023	149.56026	9089.617	8672.037	9520.244	120.26615	9686.751	9321.8125	1000.0	1000.0	990000	708.9892	110.54591	818.67126	-111.879585	708.9897	110.5369	815.8271	-144.04933	-711.09375	51.294807	10875.192137241364
199	8962.178	116.0936	9108.221	8809.619	9469.148	122.27126	9638.431	9235.279	1000.0	1000.0	995000	709.71466	111.16522	817.6674	-114.62785	709.71466	111.15709	819.0793	-107.82446	-711.8713	55.219017	10930.314783334732
