Epoch	AverageEpRet	StdEpRet	MaxEpRet	MinEpRet	AverageTestEpRet	StdTestEpRet	MaxTestEpRet	MinTestEpRet	EpLen	TestEpLen	TotalEnvInteracts	AverageQVals	StdQVals	MaxQVals	MinQVals	LossPi	LossQ	Time
1	-331.11188	96.52843	-162.2659	-422.4202	-318.76947	49.526726	-239.9089	-380.4778	1000.0	1000.0	5000	3.566175	4.1076016	23.238092	-7.2008705	-4.9833994	0.21943906	49.49417495727539
2	-259.7807	56.16244	-165.78563	-331.0051	250.25534	171.91202	556.3294	4.9843726	1000.0	1000.0	10000	25.595327	9.726665	55.290005	-4.0426245	-28.414675	0.8084557	102.49537992477417
3	-170.74385	447.13477	273.42172	-1022.4528	-432.03305	119.66724	-145.78304	-610.2243	1000.0	1000.0	15000	47.397953	7.3713894	80.11277	17.13449	-48.914207	1.3168377	155.93524193763733
4	-153.25565	431.83182	443.23373	-812.1583	84.67075	448.9738	1157.7542	-420.3645	1000.0	1000.0	20000	58.824642	11.005436	100.47264	29.805504	-60.80403	2.28781	212.4069848060608
5	376.0009	601.03546	1272.1223	-330.5322	1640.5883	1037.395	2603.5986	-348.76456	1000.0	1000.0	25000	70.93151	17.064823	124.214966	34.13534	-72.5554	2.4863067	266.34262585639954
6	2055.3442	1222.8611	3200.4094	-313.68594	1680.0837	1401.415	3238.0151	-445.7459	1000.0	1000.0	30000	85.069756	26.926544	168.84407	34.016487	-86.861824	3.6247423	325.11623907089233
7	1401.7325	1360.7307	3097.6782	-112.961716	3056.1125	1020.5896	3652.0881	29.866491	1000.0	1000.0	35000	104.28259	38.731968	206.09851	35.592514	-106.36995	4.769968	380.7283399105072
8	2789.676	430.31287	3286.0774	1997.4075	3489.0261	162.7379	3848.8975	3246.01	1000.0	1000.0	40000	127.12556	50.703476	241.75404	33.111267	-129.0854	6.550519	433.80610609054565
9	3575.481	175.76538	3800.453	3277.2932	3554.6108	356.47128	3757.4846	2502.876	1000.0	1000.0	45000	154.0286	61.307064	288.8167	30.95203	-156.14494	8.586593	491.66451501846313
10	3786.8645	807.0522	4367.4136	2194.6738	2859.5435	1242.3278	4027.1377	796.71735	1000.0	1000.0	50000	181.62123	72.06918	326.54218	35.5365	-183.75607	10.488118	554.0528399944305
11	3130.5105	1468.9622	4670.5005	370.7061	3333.515	1168.3691	4651.177	1707.9425	1000.0	1000.0	55000	207.50035	84.00684	363.32962	43.647995	-209.84935	12.117876	613.8475320339203
12	4186.9214	893.04407	4926.5903	2447.3977	4486.5767	841.4852	5034.2407	1995.2021	1000.0	1000.0	60000	234.64172	94.8505	394.642	42.78885	-236.92105	14.70919	672.4834458827972
13	3835.8335	1871.7402	5290.4194	139.16566	4285.446	554.5041	4650.042	2863.0337	1000.0	1000.0	65000	259.3783	106.448906	431.41125	38.641354	-261.50555	16.425821	730.8477418422699
14	4106.154	1283.87	5128.2837	1583.2489	3378.44	1970.8218	5519.212	564.2081	1000.0	1000.0	70000	284.63513	116.22761	458.90393	36.7848	-287.05746	17.846857	785.7318329811096
15	4824.532	507.74158	5446.9956	3914.8123	3751.8567	1428.2966	5321.455	1353.9944	1000.0	1000.0	75000	310.6527	123.18042	484.16388	28.590029	-313.1945	19.173748	843.2545680999756
16	4233.794	1240.3497	5528.822	2117.4236	5177.332	1505.7588	6036.001	749.918	1000.0	1000.0	80000	332.5437	130.44154	506.7873	0.8205575	-334.66687	22.149748	897.2365050315857
17	4865.376	1437.618	5943.4624	2025.6665	5462.271	675.55676	6085.7627	4180.234	1000.0	1000.0	85000	355.33844	136.46178	536.251	13.4490385	-357.57184	23.248701	948.841502904892
18	5662.187	117.43821	5796.465	5469.826	4878.7827	1898.181	6128.0864	187.5231	1000.0	1000.0	90000	377.23257	143.21199	561.0732	18.602818	-379.55353	24.115183	1004.4898819923401
19	4435.714	1675.9966	6245.641	1812.3358	5428.3413	1240.8066	6257.0044	1942.0635	1000.0	1000.0	95000	398.06033	150.10179	611.2063	49.96059	-400.4057	24.868004	1058.7623550891876
20	5887.584	320.6607	6486.3613	5526.148	6022.8945	664.3262	6657.287	4168.8237	1000.0	1000.0	100000	417.70413	157.52478	640.78235	20.385807	-420.20444	27.4257	1114.6957910060883
21	5477.745	578.6438	6352.121	4578.513	6010.3154	1073.066	6596.765	2831.3892	1000.0	1000.0	105000	438.75125	164.30669	663.43286	23.77964	-440.6688	28.483215	1170.9483540058136
22	5097.5312	1551.9445	6604.8726	2664.7764	3112.1843	2403.8193	6019.9805	58.192085	1000.0	1000.0	110000	455.93466	173.57571	687.0539	29.3987	-458.4299	34.85463	1226.7473199367523
23	6027.3735	201.87842	6296.0225	5693.4634	4411.092	2196.21	6990.18	822.22876	1000.0	1000.0	115000	476.81305	178.46399	704.81586	44.47401	-479.25476	38.518856	1281.5180048942566
24	4948.326	1622.9779	6570.7583	2882.5066	6688.913	228.21892	7122.918	6421.8066	1000.0	1000.0	120000	494.37723	183.89746	723.07465	37.272224	-496.93445	41.223164	1339.1601209640503
25	6776.5703	238.68504	7188.7197	6499.8545	6406.49	1840.9812	7310.599	916.01135	1000.0	1000.0	125000	515.4163	186.58296	743.5763	44.32716	-517.719	39.87465	1396.0721259117126
26	6516.4346	273.61435	6898.0933	6091.741	7093.254	360.13055	7463.111	6119.559	1000.0	1000.0	130000	535.8051	189.00249	759.7722	43.507114	-538.5224	40.60211	1453.3137741088867
27	5549.2188	2653.4495	7056.883	251.79974	6845.741	505.80746	7311.7646	5568.37	1000.0	1000.0	135000	551.29004	193.91098	780.08295	14.439611	-553.54364	42.49437	1511.2788598537445
28	6997.232	220.41528	7256.5854	6734.3735	7110.7944	161.41948	7383.2173	6827.611	1000.0	1000.0	140000	570.07007	195.45671	798.98663	42.389473	-572.809	43.370464	1568.221925020218
29	6842.21	464.95474	7419.2876	6323.4097	6715.6875	2363.7666	8063.293	509.91858	1000.0	1000.0	145000	588.6821	195.68283	811.01715	62.95324	-591.0907	44.20405	1628.2464208602905
30	6977.2646	562.09296	7588.553	6096.167	6985.449	589.60394	7508.232	5383.42	1000.0	1000.0	150000	605.624	196.47452	827.4449	-47.74673	-608.4871	45.398117	1687.5385251045227
31	6965.8057	776.5616	7574.0757	5448.614	7496.2046	198.80167	7890.865	7237.5493	1000.0	1000.0	155000	621.88385	197.3318	851.2641	5.143343	-624.9079	48.5049	1746.5674800872803
32	6447.0576	1889.2598	7626.29	2690.5405	6947.4624	1898.423	8086.3354	1855.3864	1000.0	1000.0	160000	636.96313	197.3584	866.49713	82.522125	-639.44214	47.68185	1804.0901548862457
33	7101.039	420.60135	7499.836	6487.282	7279.241	1235.1613	8057.668	3701.263	1000.0	1000.0	165000	652.843	196.00093	874.9596	101.682144	-655.9256	46.58152	1865.3686900138855
34	6632.5845	1133.7421	7847.308	4623.5615	7062.7563	1701.4219	7854.7974	1982.6619	1000.0	1000.0	170000	666.385	195.80975	896.64294	101.41302	-669.2721	48.873207	1925.0806739330292
35	7361.464	275.38385	7746.469	7009.1816	7027.9346	2088.6953	8424.297	1730.5269	1000.0	1000.0	175000	680.01166	192.96559	918.4175	125.698654	-683.19446	51.182995	1981.4010391235352
36	7083.069	905.9898	8267.758	5525.4595	7239.5366	1234.9042	8093.4893	3652.4993	1000.0	1000.0	180000	694.302	189.37302	941.9989	127.057724	-697.6176	50.85659	2035.9471678733826
37	7433.296	509.43332	8319.975	6898.095	8421.66	388.13098	8818.49	7657.7153	1000.0	1000.0	185000	707.7395	186.4565	957.2448	130.60817	-710.8596	52.555813	2089.9767990112305
38	7717.7646	402.48013	8229.542	7084.9985	8709.238	219.72554	8992.493	8206.699	1000.0	1000.0	190000	722.53766	180.04965	972.1346	143.20273	-725.66077	52.594006	2143.899824142456
39	7844.6445	259.73306	8086.3	7364.331	8362.391	335.895	8762.022	7688.2783	1000.0	1000.0	195000	736.0106	174.99062	985.3577	167.52557	-739.31476	52.269657	2199.087103843689
40	8371.86	336.46158	8852.488	7899.3022	7801.633	1588.5586	8718.505	3074.349	1000.0	1000.0	200000	749.77936	171.42255	993.3025	179.5451	-752.9072	52.393803	2253.3669049739838
41	7814.1445	535.4999	8364.966	7059.1636	9035.779	233.96736	9343.794	8658.938	1000.0	1000.0	205000	762.93115	167.06036	1002.52826	196.82817	-766.2252	51.609905	2307.481790781021
42	8401.338	284.91287	8965.171	8192.886	8935.123	642.63763	9496.548	7144.5063	1000.0	1000.0	210000	774.90234	165.01434	1017.4721	209.18245	-777.9246	52.292057	2362.4462950229645
43	7700.086	732.85693	8581.245	6434.6064	8517.201	615.99445	9194.078	7051.9185	1000.0	1000.0	215000	786.47156	162.89767	1030.5902	205.64253	-789.48413	53.448463	2416.9686949253082
44	8134.663	293.186	8444.247	7580.747	7735.31	2358.6821	9433.099	1291.0566	1000.0	1000.0	220000	797.3073	161.66208	1045.0645	203.21188	-800.1052	55.292458	2471.476728916168
45	8279.408	352.2562	8694.207	7805.8135	8385.625	1392.6744	9493.09	4894.387	1000.0	1000.0	225000	809.5657	159.0379	1054.2919	220.33911	-812.4619	56.250675	2527.0609290599823
46	7717.514	1513.9482	9093.968	4819.63	9038.909	193.53763	9456.206	8758.823	1000.0	1000.0	230000	820.12915	159.43542	1073.5476	220.40573	-823.339	57.735382	2581.789326906204
47	8773.071	147.3454	8982.564	8548.603	9246.906	166.73187	9717.283	9105.645	1000.0	1000.0	235000	831.1598	159.93388	1077.2643	210.05469	-834.3426	56.99534	2636.547581911087
48	8648.964	225.93623	8921.23	8349.179	8790.163	1328.9491	9381.034	4821.4546	1000.0	1000.0	240000	840.9608	162.50298	1092.6428	179.99251	-843.8426	58.37055	2693.5976560115814
49	8842.989	136.12494	9031.213	8630.721	8166.643	1781.9121	9495.927	3175.5195	1000.0	1000.0	245000	851.30615	163.69778	1104.2682	151.43845	-853.8217	59.17529	2749.8010580539703
50	8707.439	406.17258	9202.736	8201.354	8581.646	1459.3954	9310.138	4240.398	1000.0	1000.0	250000	862.2737	164.78773	1115.5793	129.4895	-865.2966	61.717	2803.551144838333
51	8466.729	901.6186	9198.658	6691.325	9415.998	193.4574	9620.059	8923.682	1000.0	1000.0	255000	872.93774	165.4341	1137.1713	111.07405	-876.1141	62.97758	2860.9128379821777
52	8564.596	873.7061	9358.978	7008.507	9123.732	274.395	9577.145	8728.083	1000.0	1000.0	260000	882.989	166.4231	1154.6858	100.010414	-886.1646	62.352825	2917.829952955246
53	8840.832	395.46545	9276.167	8104.043	8286.984	872.7374	8772.41	5718.988	1000.0	1000.0	265000	892.7836	167.39111	1150.6869	121.26735	-895.764	62.607994	2972.3104910850525
54	8618.63	717.97626	9226.847	7392.2256	9753.273	143.7958	10004.348	9520.897	1000.0	1000.0	270000	902.019	168.88847	1167.8063	143.21222	-905.179	64.71134	3028.7216811180115
55	9172.705	164.47879	9376.073	8885.258	8751.459	1446.7239	9615.463	4525.3276	1000.0	1000.0	275000	912.3851	168.71873	1173.8641	134.62932	-915.0674	64.168274	3082.4959058761597
56	9230.7295	207.25777	9522.182	8954.524	9475.753	177.17195	9703.317	9178.706	1000.0	1000.0	280000	922.1249	169.64607	1179.7542	143.52863	-925.2675	66.10768	3138.3303411006927
57	9272.771	190.21439	9486.21	8950.352	9528.731	404.85376	9978.955	8598.108	1000.0	1000.0	285000	931.9258	170.26915	1192.3395	152.37466	-934.9348	65.97849	3193.668601989746
58	9005.576	356.21738	9367.887	8321.197	9589.909	242.1256	10003.977	9115.737	1000.0	1000.0	290000	940.9959	170.63571	1199.5679	158.18225	-944.6257	68.5568	3248.819090127945
59	8857.975	352.2347	9255.761	8326.864	9390.131	378.01868	9754.154	8392.445	1000.0	1000.0	295000	949.7542	170.79842	1223.7467	149.93576	-952.7736	70.035835	3303.0655541419983
60	9019.823	234.94804	9322.803	8640.161	8635.458	1996.7924	9846.16	2749.42	1000.0	1000.0	300000	958.29865	169.91928	1225.3029	159.00777	-961.5058	70.867775	3356.8657369613647
61	9091.425	332.75317	9652.392	8604.491	9919.68	377.04742	10295.47	8884.187	1000.0	1000.0	305000	967.2623	168.16621	1229.9161	-233.34926	-970.3747	70.35599	3411.1495699882507
62	9401.799	226.5561	9691.569	9013.041	10055.78	130.22743	10245.044	9858.834	1000.0	1000.0	310000	974.9398	168.3297	1238.3973	-362.89676	-978.1544	71.29799	3465.999778032303
63	9239.549	272.40237	9607.265	8802.763	8887.679	1867.0858	9917.339	3478.4233	1000.0	1000.0	315000	982.7844	167.68813	1243.4095	-251.71486	-985.911	71.177635	3521.7624418735504
64	9053.811	626.41785	9513.712	7811.619	9645.693	193.99307	10035.478	9290.555	1000.0	1000.0	320000	989.3315	167.753	1248.0112	-99.239235	-992.6893	71.75765	3577.867327928543
65	9308.554	399.19363	9705.007	8772.79	9863.529	210.78769	10141.553	9341.35	1000.0	1000.0	325000	995.29456	168.28337	1253.3508	151.15099	-998.441	70.60295	3633.0648097991943
66	9378.89	301.35986	9697.314	9003.473	9853.697	181.93495	10192.494	9564.7295	1000.0	1000.0	330000	1000.775	169.94969	1261.1906	204.1732	-1004.2672	70.55971	3690.5285658836365
67	9376.349	240.27902	9700.443	9068.593	9608.125	1186.6852	10433.202	6435.542	1000.0	1000.0	335000	1006.9386	169.63957	1261.7203	199.58362	-1009.9568	73.65547	3745.1756839752197
68	9383.737	409.61844	9920.362	8756.352	9563.358	233.28358	9945.832	9193.379	1000.0	1000.0	340000	1013.41797	168.87096	1263.9237	224.9745	-1017.1157	74.66311	3799.9781291484833
69	8728.64	440.14404	9312.714	8072.8843	9681.158	228.76112	10044.489	9243.373	1000.0	1000.0	345000	1018.75635	169.96024	1275.104	219.07214	-1021.888	72.26613	3855.2769219875336
70	9514.745	201.12082	9772.5	9189.954	8976.792	186.83423	9279.699	8671.845	1000.0	1000.0	350000	1022.66656	172.22276	1275.6782	208.47926	-1025.8239	74.225525	3910.9287810325623
71	9059.767	652.00146	9781.2295	8076.0166	10024.462	197.98123	10431.121	9726.507	1000.0	1000.0	355000	1027.7621	170.96208	1278.3584	202.78197	-1031.1708	70.991035	3967.634927034378
72	9689.3955	140.51889	9843.399	9475.959	10115.588	96.80363	10290.835	9983.588	1000.0	1000.0	360000	1032.7806	169.76805	1274.8494	219.24646	-1035.8792	72.70393	4027.834661960602
73	9580.05	183.58778	9851.95	9373.114	9466.492	1275.487	10408.478	5896.975	1000.0	1000.0	365000	1037.5488	168.67084	1284.2085	207.96037	-1040.4031	70.414764	4085.2651810646057
74	9350.644	593.5325	10096.8545	8566.996	10443.078	166.26054	10682.28	10165.29	1000.0	1000.0	370000	1040.9532	169.34239	1288.5543	225.38225	-1043.5977	71.589264	4139.992349863052
75	9630.201	303.69604	10105.049	9297.582	10275.372	273.02518	10757.095	9946.703	1000.0	1000.0	375000	1043.8281	169.95969	1294.7649	238.57841	-1047.1593	69.98393	4195.822458028793
76	9790.692	339.4988	10302.011	9374.144	9083.614	1995.2911	10165.421	3290.3147	1000.0	1000.0	380000	1048.264	168.80975	1301.4934	237.77934	-1051.319	72.44175	4251.223230838776
77	9482.146	613.7795	10033.019	8537.007	10057.553	1534.1113	10799.538	5507.7114	1000.0	1000.0	385000	1051.2792	168.22191	1301.3337	250.75037	-1054.6654	71.92811	4306.596261978149
78	9715.436	393.5254	9993.548	8948.827	9843.716	108.85745	10002.201	9630.496	1000.0	1000.0	390000	1054.4606	168.27962	1297.6001	224.01283	-1057.9846	70.27034	4363.387466907501
79	9820.322	149.70969	10059.089	9619.499	10024.572	136.72408	10223.528	9820.956	1000.0	1000.0	395000	1056.848	169.70236	1304.5271	198.18657	-1059.9944	68.128876	4421.7357840538025
80	9922.0	186.50514	10213.211	9748.884	10388.356	342.30237	10809.573	9537.563	1000.0	1000.0	400000	1059.052	171.09282	1306.8976	171.02461	-1062.0724	70.398796	4476.383646965027
81	9599.325	292.75876	9899.51	9199.204	10176.333	127.3946	10342.304	9906.312	1000.0	1000.0	405000	1062.1427	170.44972	1300.902	154.92154	-1065.1896	69.71336	4530.832299947739
82	9679.094	390.93643	10229.915	9017.627	10242.727	447.7941	10569.153	9061.523	1000.0	1000.0	410000	1065.0071	169.53143	1302.0586	161.77838	-1067.999	70.17848	4585.564711093903
83	9776.285	275.94348	10262.74	9481.676	9514.892	141.37775	9709.739	9168.421	1000.0	1000.0	415000	1068.0587	168.93195	1308.6321	180.68576	-1070.8553	70.81349	4640.5693328380585
84	9484.85	616.736	10406.337	8641.859	10651.387	182.0919	10935.491	10367.977	1000.0	1000.0	420000	1070.9121	167.8385	1310.5831	182.73557	-1073.7532	71.413734	4696.949728965759
85	9716.535	722.853	10465.073	8580.047	10792.396	156.88249	11063.373	10465.635	1000.0	1000.0	425000	1073.452	168.4477	1307.4999	170.65721	-1076.4113	71.54198	4752.2363538742065
86	10002.697	239.4978	10443.717	9813.526	10422.816	76.991035	10528.211	10237.44	1000.0	1000.0	430000	1076.0958	169.35138	1306.5166	169.10405	-1078.9945	70.307755	4807.718759059906
87	10003.658	214.76439	10291.3955	9627.225	10323.416	176.29105	10526.175	9999.728	1000.0	1000.0	435000	1077.4971	170.4025	1311.1748	186.39049	-1080.9698	68.3895	4870.64777302742
88	9707.27	215.71486	10036.827	9405.05	10525.373	131.57785	10750.742	10315.145	1000.0	1000.0	440000	1078.3232	171.8985	1316.9985	159.36766	-1080.7312	68.979355	4938.157981872559
89	10029.674	235.98299	10349.191	9636.852	10781.357	175.56876	11055.167	10503.451	1000.0	1000.0	445000	1080.8717	171.52574	1308.7906	172.489	-1083.7756	71.33893	4999.104387998581
90	10117.053	286.29684	10517.782	9806.281	10626.24	181.2524	10939.46	10412.011	1000.0	1000.0	450000	1084.1475	168.56638	1311.7161	156.53468	-1087.3546	71.98307	5062.208839178085
91	9776.872	740.4716	10391.1455	8321.766	8717.77	3205.599	10746.297	1341.2681	1000.0	1000.0	455000	1087.3339	165.5719	1313.8445	171.27968	-1090.3322	69.84715	5120.183372020721
92	10205.355	341.90887	10815.135	9911.526	10624.293	185.516	10883.305	10159.065	1000.0	1000.0	460000	1089.5464	164.81537	1310.4933	176.35133	-1092.3167	69.1364	5176.839533090591
93	9379.409	438.56158	9938.072	8710.938	10667.697	117.59089	10947.781	10528.653	1000.0	1000.0	465000	1090.8402	166.34343	1311.1722	192.88142	-1093.4187	69.42971	5237.227184057236
94	9821.926	432.02225	10525.478	9188.254	10561.883	213.42163	10891.349	10137.866	1000.0	1000.0	470000	1092.7712	166.77013	1313.8597	180.19844	-1094.7758	68.49664	5299.489373207092
95	9921.581	449.36426	10515.362	9216.584	10408.268	164.20177	10715.06	10182.888	1000.0	1000.0	475000	1094.9359	166.70244	1315.289	191.88455	-1097.924	69.404366	5357.047709941864
96	10210.335	130.64455	10425.267	10016.224	10177.757	1238.4772	10984.863	7052.795	1000.0	1000.0	480000	1097.3856	167.97888	1314.7391	175.52179	-1100.2445	69.95515	5418.012393951416
97	9857.677	613.21313	10438.493	8700.071	10125.162	2016.8112	11088.334	4128.6113	1000.0	1000.0	485000	1099.8292	166.80362	1317.6222	189.02571	-1103.08	70.905754	5473.569519042969
98	9092.784	1731.891	10393.383	5824.0044	10389.164	305.21405	10859.713	9950.353	1000.0	1000.0	490000	1101.2385	166.70714	1317.7341	165.1997	-1104.2678	69.65805	5538.573713064194
99	10145.578	222.27805	10384.367	9879.01	10532.56	230.8425	11048.91	10306.862	1000.0	1000.0	495000	1102.0934	169.06319	1314.5482	169.44612	-1104.6804	69.518745	5594.1232669353485
