Epoch	AverageEpRet	StdEpRet	MaxEpRet	MinEpRet	AverageTestEpRet	StdTestEpRet	MaxTestEpRet	MinTestEpRet	EpLen	TestEpLen	TotalEnvInteracts	AverageQ1Vals	StdQ1Vals	MaxQ1Vals	MinQ1Vals	AverageQ2Vals	StdQ2Vals	MaxQ2Vals	MinQ2Vals	LossPi	LossQ	Time
1	-236.26111	76.93477	-121.34547	-321.51462	-653.58386	162.3321	-365.99887	-977.7066	1000.0	1000.0	5000	0.9899901	2.2590435	14.1387615	-7.073955	0.98962843	2.2608457	14.641746	-7.48389	-1.8766261	0.26151347	64.35735297203064
2	-268.13623	58.263126	-170.46298	-346.14337	-482.53522	65.7133	-368.70157	-547.971	1000.0	1000.0	10000	7.1028857	4.1815405	26.602922	-6.5656576	7.102272	4.1821322	25.815048	-6.516955	-8.550248	0.57084537	131.30174612998962
3	-169.29092	506.70853	840.91064	-499.6554	-370.9865	105.60293	-156.53427	-511.69632	1000.0	1000.0	15000	11.465571	8.08899	51.283737	-6.3955364	11.465473	8.089051	47.19692	-6.054192	-12.637491	1.108109	197.18131494522095
4	315.74377	416.08768	771.3546	-167.35254	323.4164	561.66644	1722.5825	-141.81763	1000.0	1000.0	20000	12.985559	11.085832	54.532036	-10.315695	12.98514	11.086863	56.367245	-10.259465	-13.807069	1.5958847	262.3547172546387
5	712.98083	752.3859	1600.3564	-78.1419	1231.8944	604.343	2582.9685	305.1032	1000.0	1000.0	25000	15.377892	15.338627	72.05717	-10.876295	15.376875	15.339406	71.82679	-10.095248	-16.33983	2.5562599	342.458615064621
6	1680.486	914.01385	2655.787	365.0924	2041.2094	779.3223	2765.8152	696.8332	1000.0	1000.0	30000	21.319967	20.72227	86.198555	-11.5296955	21.31978	20.722582	86.20799	-16.205551	-22.340815	3.762901	407.7928431034088
7	2303.5007	558.5107	2756.6973	1215.2179	2204.8906	746.7103	3117.018	979.90076	1000.0	1000.0	35000	30.969204	26.59984	103.697586	-10.536709	30.96884	26.601109	103.30179	-9.624569	-32.04095	5.4665923	472.0148060321808
8	2328.6396	757.3661	3028.1387	916.1384	3445.5308	80.538704	3577.5034	3301.9182	1000.0	1000.0	40000	39.629055	30.719479	111.296646	-8.008961	39.628147	30.720715	111.33686	-7.835667	-40.67734	6.1184564	546.8073120117188
9	3402.7505	274.09207	3886.6848	3049.264	3749.3335	467.27655	4171.416	2399.6274	1000.0	1000.0	45000	49.97201	34.876133	124.03005	-3.9411504	49.971436	34.87714	122.93989	-4.2694373	-50.89922	7.234914	626.1674311161041
10	3355.9758	522.94385	3928.0776	2589.9978	2086.1216	992.131	3964.9856	940.35864	1000.0	1000.0	50000	60.053875	38.903374	140.69714	-3.69853	60.053345	38.903694	139.13388	-3.8496594	-60.7155	8.629152	701.865268945694
11	3809.5273	414.00928	4275.098	3080.7336	4272.281	157.32332	4548.4233	4035.723	1000.0	1000.0	55000	69.30346	42.815372	155.0027	-2.4040873	69.3032	42.817314	154.70297	-2.3338008	-69.92725	10.7308655	781.4787120819092
12	3891.894	403.90683	4275.1763	3225.1606	4130.1753	145.85783	4355.441	3818.448	1000.0	1000.0	60000	79.457634	46.420563	171.10378	-2.7284505	79.45729	46.423588	166.13626	-3.617344	-79.84852	13.326468	848.6770899295807
13	4318.427	277.77646	4648.9604	3952.751	5187.8574	94.45904	5364.0625	4990.1284	1000.0	1000.0	65000	88.51938	49.133602	173.62093	-5.547288	88.518555	49.135593	174.39673	-3.4307873	-88.78812	15.685178	912.4086680412292
14	4497.147	320.31177	4957.0054	4016.8489	4298.79	968.46625	4877.98	1445.4941	1000.0	1000.0	70000	97.59721	51.706467	186.67937	-3.6208253	97.59711	51.706753	186.98523	-1.5788691	-97.7954	15.489926	975.8052589893341
15	4878.758	325.10837	5271.8105	4495.1436	4738.7256	683.5781	5235.1904	2734.3657	1000.0	1000.0	75000	105.92591	54.11655	195.97304	-2.7904043	105.924774	54.117504	196.47589	-2.6830757	-106.07006	17.333334	1040.2788259983063
16	5259.552	263.8841	5490.4844	4796.255	5407.13	126.7633	5567.1514	5147.38	1000.0	1000.0	80000	114.39787	56.587418	202.59607	-3.857526	114.39719	56.58848	204.51103	-4.325701	-114.34045	18.120638	1106.9107508659363
17	4306.7744	1526.765	5322.9766	1318.733	5411.29	123.2296	5629.456	5180.4893	1000.0	1000.0	85000	121.96587	58.6509	211.96082	-4.1620846	121.96506	58.652954	211.4404	-1.8234932	-121.8075	18.244093	1171.3623542785645
18	5304.9463	163.73566	5462.1055	5043.54	5745.698	94.8871	5866.0986	5598.2554	1000.0	1000.0	90000	127.12011	60.447018	215.65262	-5.2875614	127.11882	60.448917	216.54912	-4.604358	-126.98105	18.438	1235.8240571022034
19	5477.037	432.56326	6135.867	4969.69	6068.176	71.15773	6170.1636	5928.373	1000.0	1000.0	95000	132.7209	61.3614	218.30095	-6.7271934	132.7198	61.363644	220.92386	-6.0358434	-132.35185	18.457983	1301.1519951820374
20	5597.871	257.5037	5970.5	5307.7886	6177.798	49.731697	6287.0103	6109.766	1000.0	1000.0	100000	137.34445	62.165924	222.597	-9.4564905	137.34445	62.16696	225.02605	-6.851671	-136.84335	18.949572	1366.5474181175232
21	5440.464	867.94305	6014.7085	3733.4219	6071.9165	201.52528	6270.6074	5631.592	1000.0	1000.0	105000	141.30031	62.40026	225.6954	-4.577212	141.29987	62.402317	227.03383	-5.633468	-140.62836	18.919744	1432.443885087967
22	5985.866	151.03145	6117.0737	5695.5605	4883.2124	293.49756	5388.702	4433.9263	1000.0	1000.0	110000	144.42412	62.585724	230.2397	-9.305648	144.42352	62.586254	229.17842	-6.0504737	-143.8191	18.186756	1497.5221061706543
23	6110.8022	460.1348	6485.981	5307.0874	6080.5127	738.87476	6545.0566	3953.229	1000.0	1000.0	115000	147.09834	62.212193	227.88412	-6.931615	147.09807	62.213924	227.09726	-6.6585975	-146.0649	17.38568	1562.5948011875153
24	6231.931	137.47427	6376.6167	5983.8506	5240.9883	1195.8185	6589.8574	3537.9287	1000.0	1000.0	120000	149.0644	61.739944	229.5991	-9.42125	149.06424	61.74135	234.86285	-9.611307	-147.92395	16.068937	1629.8800461292267
25	5150.632	1635.9106	6066.535	1886.5312	5188.542	1947.7164	6575.7295	1211.5106	1000.0	1000.0	125000	149.16736	61.508896	229.66368	-5.4852877	149.16765	61.510292	227.04506	-5.7657175	-147.71814	16.083961	1696.5718870162964
26	5816.6567	685.7919	6552.4736	4558.2603	6338.035	288.55212	6606.274	5534.451	1000.0	1000.0	130000	149.5469	60.478867	225.75871	-4.482665	149.5479	60.480274	232.42819	-6.7742534	-148.04402	15.310486	1761.433529138565
27	5622.5596	1248.1752	6373.437	3150.359	6511.2764	187.85832	6733.6753	6154.5503	1000.0	1000.0	135000	148.72818	59.945553	224.33748	-8.180932	148.72836	59.945705	223.7113	-8.36758	-147.23358	15.138865	1827.9702529907227
28	6280.9854	283.32898	6579.982	5756.5854	6312.2744	219.01628	6515.708	5766.507	1000.0	1000.0	140000	148.35014	59.00894	220.84386	-8.175207	148.3505	59.009426	222.34688	-6.8493414	-146.7574	14.772381	1894.075824022293
29	6353.8374	224.99037	6712.211	6091.5957	6803.862	125.4513	7073.609	6629.6724	1000.0	1000.0	145000	148.1251	57.962696	219.43597	-6.5778265	148.12645	57.963837	229.88156	-7.4039927	-146.28136	14.619522	1958.3882002830505
30	5596.7427	2099.5037	6811.1333	1401.6505	6485.5146	118.73371	6621.455	6246.9136	1000.0	1000.0	150000	147.69762	57.299786	217.93262	-4.04354	147.6987	57.30042	219.3559	-7.77745	-145.9449	13.57485	2023.724487066269
31	6317.801	276.0328	6812.1333	6062.6797	5859.419	1670.7833	6610.991	867.3657	1000.0	1000.0	155000	147.06897	56.88685	223.39236	-10.412085	147.06947	56.886967	215.47957	-7.859012	-145.18187	13.377112	2088.6127569675446
32	5568.5366	1596.3385	6686.6655	2408.779	6116.381	1259.1146	7006.4116	2778.2405	1000.0	1000.0	160000	146.65337	56.11828	225.24326	-3.667697	146.65408	56.11872	218.24246	-3.510707	-144.77754	13.44762	2153.626920938492
33	6260.5586	244.46016	6661.747	5986.7393	6843.052	99.837715	6973.861	6649.6772	1000.0	1000.0	165000	146.07587	55.58463	216.11794	-3.990776	146.0768	55.585487	212.73676	-3.6970077	-144.17993	12.995426	2218.434634923935
34	6441.2085	221.42465	6665.4263	6052.141	6895.8594	182.37001	7340.7334	6705.303	1000.0	1000.0	170000	145.83366	54.949284	212.51463	-2.2160826	145.83461	54.950542	213.25677	-5.730173	-143.65778	12.966364	2284.8879799842834
35	6478.2075	225.47018	6861.7207	6256.9365	7047.6084	91.043625	7158.5522	6905.5596	1000.0	1000.0	175000	145.61575	54.25371	210.29802	-1.401753	145.61647	54.256317	210.48465	-2.013389	-143.5447	12.670144	2350.5817589759827
36	6725.492	75.61826	6816.3945	6615.124	6829.6094	151.97409	7062.826	6528.7646	1000.0	1000.0	180000	145.69212	53.446075	209.6417	-3.0510545	145.69295	53.446514	208.14163	-2.7406683	-143.6765	12.09335	2415.5907270908356
37	6614.435	90.51767	6730.8237	6482.404	7186.732	148.43204	7379.1064	6815.1465	1000.0	1000.0	185000	145.7093	52.835518	207.44588	-3.4446387	145.71071	52.837147	208.59477	-2.6237168	-143.64626	12.061959	2481.3571400642395
38	6814.45	97.70655	6933.0835	6644.959	7119.733	72.52503	7228.6987	7003.791	1000.0	1000.0	190000	145.73918	52.48008	231.65512	-5.961151	145.74014	52.480915	209.85278	-4.2517734	-143.61082	12.49532	2545.9563801288605
39	6810.9194	153.37997	6958.992	6564.163	6814.2354	137.46841	6974.6377	6478.7363	1000.0	1000.0	195000	145.73752	52.007698	208.34514	-20.725466	145.73836	52.008095	207.26482	-3.40131	-143.45811	11.638004	2613.1425290107727
40	5778.2817	1291.1741	6625.148	3207.402	5477.3325	2231.2515	7109.4336	1513.8552	1000.0	1000.0	200000	145.8303	51.58054	208.80214	-3.2513967	145.83145	51.58248	206.57219	-3.7049556	-143.41765	11.234017	2678.9788460731506
41	6744.6094	290.1879	7145.6113	6347.8013	6751.676	132.59273	6938.2476	6519.638	1000.0	1000.0	205000	145.4908	51.42818	244.97646	-1.9197044	145.49147	51.430363	212.5847	-1.5062809	-143.118	11.23474	2747.267669916153
42	6765.6953	193.33766	6960.609	6459.913	7009.927	128.06352	7281.529	6797.391	1000.0	1000.0	210000	145.83972	50.865944	207.58821	-2.2125158	145.84044	50.86727	205.20708	-2.8984613	-143.32054	11.087692	2830.988874912262
43	6938.953	174.59908	7273.395	6787.748	7419.12	123.264015	7684.074	7217.7334	1000.0	1000.0	215000	146.06093	50.52717	218.3626	-3.498228	146.06197	50.52838	205.85419	-1.2833352	-143.485	10.68614	2899.7649919986725
44	6884.4062	148.11952	7032.475	6655.9	7405.3423	111.96109	7578.6562	7198.4043	1000.0	1000.0	220000	146.25067	50.2868	204.89694	-0.34621954	146.25166	50.28639	210.22093	-1.3384042	-143.72212	11.051817	2974.8943452835083
45	6927.1396	218.98297	7223.4453	6614.945	7291.3564	124.74898	7494.656	7066.839	1000.0	1000.0	225000	146.43315	50.063408	250.9604	1.6649613	146.43428	50.06459	206.25037	1.998198	-143.85277	10.726435	3041.485992908478
46	6944.556	190.9076	7209.6113	6644.3037	7580.3604	103.90494	7718.553	7394.9526	1000.0	1000.0	230000	146.67813	49.728905	209.44542	-1.5543666	146.6789	49.730717	205.12878	-1.2614303	-144.03534	10.620236	3107.794885158539
47	7171.646	145.1779	7425.497	6981.2236	7691.721	97.009224	7924.396	7503.3374	1000.0	1000.0	235000	146.92871	49.45063	205.51404	1.3392754	146.92955	49.450638	205.2282	1.1284747	-144.13849	10.310497	3167.194785118103
48	7152.954	144.29333	7395.133	7018.3687	7212.0146	190.22093	7564.933	6874.562	1000.0	1000.0	240000	147.0827	49.160587	222.26324	-0.3480835	147.08392	49.160885	208.12012	-1.8408222	-144.20828	10.222203	3225.7118241786957
49	7247.8545	72.82378	7378.6772	7165.9688	7655.9585	125.36254	7889.4136	7450.5767	1000.0	1000.0	245000	147.13765	49.119434	249.13666	-2.784227	147.1373	49.125954	207.22845	-2.8629813	-144.25363	10.44114	3283.8480970859528
50	7372.0796	90.071465	7490.9575	7265.0527	7794.314	42.95373	7858.904	7724.318	1000.0	1000.0	250000	147.49007	48.80646	213.1703	-2.9862652	147.49045	48.806564	207.92224	-1.5068703	-144.79712	10.244966	3342.116408109665
51	7233.447	165.84158	7411.38	6946.203	7730.857	96.832535	7918.678	7579.2686	1000.0	1000.0	255000	147.88268	48.54494	273.85233	0.18715906	147.88335	48.546364	207.56708	-2.9849277	-144.99146	10.241668	3400.9160969257355
52	7159.197	251.63881	7455.085	6776.385	7350.7983	70.37872	7445.651	7229.0967	1000.0	1000.0	260000	148.38393	48.355534	209.92667	0.93075466	148.38434	48.357903	207.51207	1.8620648	-145.44992	9.744808	3459.728238105774
53	7176.982	161.73315	7453.392	7007.8477	7727.358	61.02894	7821.691	7652.289	1000.0	1000.0	265000	148.7235	48.128414	209.45364	0.61047363	148.72429	48.12955	207.74452	0.8369694	-145.70296	10.353422	3518.8182229995728
54	7286.333	153.73833	7431.036	7031.2627	7797.2837	127.12969	8017.206	7593.4146	1000.0	1000.0	270000	149.05856	47.86321	297.3966	-2.0814528	149.05954	47.863827	207.90498	-3.0716887	-146.06155	9.975725	3576.9794402122498
55	7326.8765	173.75644	7512.5786	7017.208	7755.383	80.66784	7911.3	7667.2104	1000.0	1000.0	275000	149.35938	47.50777	288.8756	-0.47639847	149.36021	47.508926	213.44539	-4.4307995	-146.19502	9.817591	3635.162710905075
56	7290.5703	203.08888	7643.4346	7014.395	7571.1807	398.3994	7832.402	6394.33	1000.0	1000.0	280000	149.53395	47.304028	218.00276	1.1247373	149.53447	47.305313	206.36317	-0.10257435	-146.38228	9.59074	3693.8317329883575
57	7436.449	175.86885	7635.838	7127.669	7729.669	76.192116	7872.598	7603.775	1000.0	1000.0	285000	149.7013	47.157715	213.7353	-0.10706043	149.70186	47.158424	209.44244	-1.6494699	-146.51192	9.61353	3752.839126110077
58	7370.8306	149.543	7523.552	7100.6704	7899.099	116.89297	8048.5483	7712.6846	1000.0	1000.0	290000	150.14926	46.84709	243.86714	1.7845268	150.14978	46.846916	215.23074	-6.11404	-147.0587	9.913615	3811.685007095337
59	7230.7944	189.67204	7512.592	6955.683	7835.561	46.894474	7906.4277	7750.043	1000.0	1000.0	295000	150.42798	46.782032	209.4253	0.96602774	150.42827	46.78266	209.74825	-1.4535098	-147.16733	9.669034	3869.982423067093
60	7327.587	184.62341	7563.237	7028.4287	7853.013	109.06318	8063.248	7658.945	1000.0	1000.0	300000	150.67146	46.44164	212.76445	-0.2689395	150.67181	46.44282	214.92435	-10.105887	-147.3704	9.436769	3928.6359720230103
61	7210.711	110.08289	7354.478	7034.5405	8020.022	87.96823	8198.954	7887.8506	1000.0	1000.0	305000	150.83636	46.292484	284.0045	1.3171291	150.83711	46.293427	208.182	1.5544963	-147.57384	9.717	3987.574447154999
62	7607.712	148.16415	7763.721	7410.914	7922.5874	85.017525	8070.5366	7754.5835	1000.0	1000.0	310000	151.11911	46.035038	210.59715	-1.0757637	151.11963	46.035656	215.73123	-6.6803794	-147.80138	9.636488	4046.753411054611
63	7604.8564	83.28169	7728.7705	7525.3936	7973.849	93.74118	8149.698	7812.726	1000.0	1000.0	315000	151.43358	46.01863	214.61707	1.9433761	151.43402	46.02009	210.29472	-2.336053	-148.06325	9.330775	4105.399651050568
64	7646.185	133.8834	7843.8726	7444.943	8067.5757	96.36654	8295.602	7962.416	1000.0	1000.0	320000	151.80391	45.866287	225.08636	-2.3013048	151.80386	45.868572	216.74765	-2.8521605	-148.50465	9.643238	4164.8282680511475
65	7541.786	207.32527	7781.5527	7217.929	7689.072	122.6462	7927.6826	7442.9165	1000.0	1000.0	325000	152.13475	45.69341	216.63469	-2.0908098	152.13525	45.69499	210.35484	-3.1550574	-148.75294	9.6694145	4223.457871198654
66	6894.275	950.72577	7663.3604	5075.8994	7772.4375	106.10889	7960.5786	7623.2656	1000.0	1000.0	330000	152.31754	45.749027	220.49025	-152.95215	152.31743	45.751072	210.90707	-177.24931	-148.88147	9.986668	4282.695849895477
67	7508.3516	147.13176	7700.6772	7287.5386	8040.7236	82.4895	8186.981	7909.9634	1000.0	1000.0	335000	152.1301	45.9567	211.84743	-213.48848	152.13008	45.95786	210.23671	-190.82011	-148.65573	10.492121	4342.224605083466
68	7660.5015	47.818256	7725.785	7610.3496	7974.858	112.7642	8220.232	7812.4385	1000.0	1000.0	340000	152.10732	46.26525	218.77568	-301.45627	152.1076	46.268143	209.01636	-274.06305	-148.79907	10.584594	4401.622323989868
69	7548.2314	140.5021	7740.648	7307.401	7960.5	83.45082	8091.772	7796.561	1000.0	1000.0	345000	152.4215	46.022484	211.10011	-270.33392	152.42099	46.026512	211.21234	-274.89218	-148.96988	9.901953	4460.7473130226135
70	7290.0913	365.6444	7537.1357	6571.9893	8082.233	72.804855	8201.319	7963.4487	1000.0	1000.0	350000	152.6757	45.774574	211.11191	-255.21338	152.67575	45.776035	211.4008	-253.62183	-149.12697	10.037559	4519.961791038513
71	7420.8086	491.08948	7892.514	6468.938	7998.75	94.67813	8155.551	7826.3184	1000.0	1000.0	355000	152.6225	45.527424	210.95361	-217.27513	152.62233	45.529858	212.10359	-224.67163	-149.13377	9.80488	4579.173488140106
72	7541.005	217.55623	7907.496	7233.5884	8084.249	125.69983	8301.455	7899.362	1000.0	1000.0	360000	152.9918	45.266544	237.23575	-236.54651	152.99174	45.267853	209.19113	-265.98203	-149.41403	9.93178	4638.7786111831665
73	7311.665	340.9689	7637.7974	6742.949	7690.7803	75.46055	7815.307	7558.3203	1000.0	1000.0	365000	153.13449	45.31454	229.99959	-238.51129	153.13443	45.31642	211.83434	-258.3032	-149.43594	9.949442	4698.7802810668945
74	7402.8955	259.679	7648.6523	6901.1836	7859.612	67.525345	8000.3975	7751.0557	1000.0	1000.0	370000	153.46501	44.803383	325.38315	-233.99251	153.46506	44.80537	217.62872	-258.31543	-149.82185	9.988412	4758.320130109787
75	7441.5264	150.8985	7618.4497	7193.598	8059.907	102.891685	8203.34	7941.76	1000.0	1000.0	375000	153.59276	44.659534	231.28954	-137.97545	153.59267	44.661186	210.11436	-139.74754	-150.06354	9.625179	4817.813194990158
76	7606.776	227.54811	7930.8696	7286.9956	7960.1533	108.80456	8140.209	7738.2656	1000.0	1000.0	380000	153.99658	44.529522	220.28018	-153.13792	153.9969	44.531853	211.53947	-160.43031	-150.32431	9.652392	4877.46538901329
77	7733.4194	173.47672	8015.617	7502.7783	8164.6978	88.310326	8276.954	7957.218	1000.0	1000.0	385000	154.30641	44.55215	210.02055	-181.67867	154.30598	44.55401	209.49422	-178.25813	-150.70718	9.568424	4937.56116604805
78	7624.3984	131.61308	7844.0894	7440.1836	8087.4463	128.0965	8254.761	7862.4487	1000.0	1000.0	390000	154.71864	44.23225	323.42526	-199.9054	154.7193	44.232044	208.6598	-184.1148	-151.0668	9.5095825	4997.328598022461
79	7629.5205	208.08713	7849.76	7246.4463	8125.052	111.214195	8292.158	7948.248	1000.0	1000.0	395000	155.07558	44.131462	276.0353	-194.01561	155.0752	44.133865	210.67683	-204.33575	-151.41812	9.674603	5057.330980062485
80	7611.051	147.83803	7818.8535	7419.6646	8004.159	89.744194	8151.3857	7880.447	1000.0	1000.0	400000	155.5107	43.967976	221.12608	-184.46931	155.51111	43.967667	209.03113	-206.11438	-151.7762	9.776667	5117.07586312294
81	7549.0093	142.98135	7745.279	7321.4854	8152.236	93.40284	8316.044	8038.169	1000.0	1000.0	405000	155.74362	43.79985	247.11461	-178.16432	155.74364	43.80148	211.94916	-182.5142	-151.96806	9.382927	5176.5128700733185
82	7798.8125	115.59737	7977.228	7666.305	8102.974	105.12896	8259.25	7958.48	1000.0	1000.0	410000	156.06822	43.493397	209.10852	-160.72227	156.06831	43.493214	209.49261	-146.14264	-152.35527	9.77608	5237.0786809921265
83	7638.66	390.9309	7881.4746	6860.731	8096.4985	91.31778	8359.788	8012.209	1000.0	1000.0	415000	156.47589	43.239708	212.70024	-144.2438	156.47647	43.239502	218.28853	-191.96474	-152.56148	9.527373	5297.5189909935
84	7625.8643	143.7352	7793.3813	7386.5625	8166.5312	88.29344	8321.16	8055.3535	1000.0	1000.0	420000	156.60716	43.27947	208.86758	-141.14578	156.60735	43.281387	209.5704	-138.18375	-152.70364	9.453827	5357.218768119812
85	7758.622	180.90422	7930.9507	7420.093	7812.5127	125.89266	8038.811	7625.65	1000.0	1000.0	425000	156.93176	43.2589	209.05913	-158.17245	156.93158	43.260017	208.34564	-154.15889	-153.0711	9.626091	5417.004753112793
86	7775.5186	168.67787	7977.1553	7466.918	7909.375	81.50818	8022.791	7759.512	1000.0	1000.0	430000	157.06364	43.29079	218.20697	-160.17871	157.06352	43.29083	210.09859	-162.9703	-153.27278	9.440311	5477.072504997253
87	7714.5967	135.87643	7937.492	7530.4126	8076.718	90.1782	8212.942	7894.9683	1000.0	1000.0	435000	157.3458	43.096916	213.7288	-146.88486	157.34612	43.099148	210.00748	-202.22972	-153.53302	9.456903	5536.844405889511
88	7640.591	192.98915	7939.8276	7350.2183	8321.243	77.70616	8476.529	8194.08	1000.0	1000.0	440000	157.64508	42.70153	220.734	-150.2597	157.64496	42.702904	213.16876	-137.73477	-153.75702	9.244668	5597.690690994263
89	7681.7656	73.78872	7773.437	7564.525	8092.056	109.18154	8340.908	7940.9814	1000.0	1000.0	445000	157.93958	42.433792	218.4789	-115.39128	157.9397	42.4337	209.52686	-124.91936	-153.9957	9.036353	5657.566101074219
90	7644.6904	69.93226	7749.172	7544.934	8208.687	86.718346	8341.0625	8035.1997	1000.0	1000.0	450000	158.22995	42.233173	285.47214	-116.92275	158.23022	42.233315	216.09096	-105.66207	-154.36417	9.222811	5717.897221088409
91	7613.9814	398.0124	7916.8823	6826.3833	8052.518	87.041245	8193.299	7897.064	1000.0	1000.0	455000	158.4559	42.14473	213.51918	-109.144226	158.45625	42.143795	209.00008	-116.34441	-154.56711	9.353033	5777.577479124069
92	6226.462	3176.352	8050.7812	-120.105515	6902.13	1487.4138	7589.2817	2461.728	1000.0	1000.0	460000	158.29536	42.790604	218.21552	-112.1609	158.29599	42.79059	208.92867	-118.946884	-154.2866	9.505512	5837.660072088242
93	7613.379	215.31224	7825.6177	7200.1333	8318.361	67.5671	8480.054	8262.623	1000.0	1000.0	465000	158.41832	42.710938	323.1608	-104.04239	158.41866	42.710495	208.58667	-88.35487	-154.35509	9.157452	5897.538169145584
94	7955.2017	103.3302	8144.0244	7851.839	8308.521	100.12941	8529.816	8159.729	1000.0	1000.0	470000	158.66115	42.625492	217.89293	-90.02716	158.661	42.62727	209.71446	-92.50446	-154.5222	8.9832	5957.697195053101
95	7460.425	1065.7892	8158.4536	5361.835	8061.06	130.65593	8280.802	7894.3125	1000.0	1000.0	475000	158.6939	42.688583	230.01509	-95.980415	158.69397	42.689133	211.8	-107.10354	-154.7566	8.888061	6017.602432966232
96	7792.7812	101.36857	7932.522	7640.5347	8027.711	129.72012	8222.099	7716.171	1000.0	1000.0	480000	159.05988	42.53599	250.68288	-93.08547	159.06032	42.53777	212.39914	-109.543495	-155.04974	9.029869	6078.41962313652
97	7653.6826	147.81503	7895.345	7464.9565	8310.224	87.6752	8444.767	8112.578	1000.0	1000.0	485000	159.35057	42.3738	284.48083	-96.28171	159.3508	42.37387	212.07559	-91.40483	-155.32643	9.113493	6138.782058000565
98	7748.1157	123.38623	7974.941	7605.206	8329.637	92.23455	8513.842	8166.1226	1000.0	1000.0	490000	159.58376	42.19655	222.83414	-109.93346	159.58345	42.198475	211.86758	-121.668335	-155.47699	8.810627	6199.044669151306
99	7716.751	257.15018	8078.9414	7381.148	7708.4585	677.3628	8136.0615	5727.0615	1000.0	1000.0	495000	159.8259	42.05642	213.32196	-85.41435	159.82608	42.057785	211.40271	-108.68284	-155.7129	9.006422	6259.754585027695
100	7822.225	164.90468	8026.08	7526.2847	8294.435	119.56535	8576.783	8146.938	1000.0	1000.0	500000	160.14383	41.997902	212.59224	-113.12876	160.14404	41.999916	214.0747	-104.16938	-156.09059	8.80998	6320.5719249248505
101	7726.275	467.52393	8024.953	6797.122	8172.268	97.14058	8362.839	8026.1836	1000.0	1000.0	505000	160.32782	42.00109	215.45801	-106.68344	160.32843	42.00114	211.67258	-119.109566	-156.1318	8.863284	6381.0622770786285
102	7691.9717	229.5733	7912.2803	7255.1836	8200.4	125.93402	8433.865	8031.5547	1000.0	1000.0	510000	160.54239	41.869984	212.44424	-124.64303	160.54214	41.87095	212.82643	-135.95778	-156.39767	8.582636	6441.179275035858
103	7770.3975	113.63133	7962.5933	7642.9385	8291.433	131.39081	8492.572	8068.402	1000.0	1000.0	515000	160.6603	41.781223	215.5587	-97.46699	160.66063	41.780365	213.62787	-113.3293	-156.55734	9.040746	6501.904730081558
104	7864.0664	192.60878	8056.715	7583.9688	7885.298	449.86307	8134.928	6551.8457	1000.0	1000.0	520000	160.89764	41.735832	217.26134	-100.773094	160.89758	41.73817	212.4719	-117.90966	-156.82283	9.007309	6562.057851076126
105	7779.9233	136.63965	8027.674	7663.9707	7845.371	1214.8075	8485.1455	4217.217	1000.0	1000.0	525000	160.98549	41.53205	213.35172	-140.39455	160.98563	41.533073	212.08955	-132.77728	-156.86148	8.710405	6622.416671991348
106	7890.5923	135.79254	8111.5503	7706.7163	8167.3086	93.26043	8373.057	8003.2534	1000.0	1000.0	530000	160.99469	41.61154	237.74518	-93.14688	160.99509	41.61043	212.89061	-97.13899	-156.85677	8.783861	6682.6556169986725
107	7865.4595	182.99796	8107.493	7644.1562	8549.214	139.4961	8763.73	8356.333	1000.0	1000.0	535000	161.16606	41.42593	213.2328	-95.46306	161.16618	41.42658	216.5052	-98.07755	-156.93225	8.808864	6743.0400512218475
108	7783.3594	143.47105	8014.4062	7620.5327	8236.259	88.14872	8396.049	8119.885	1000.0	1000.0	540000	161.38809	41.28522	220.67377	-96.958206	161.38858	41.286324	214.01308	-116.24087	-157.17267	8.909412	6804.224524974823
109	7859.9204	143.82112	7981.214	7639.793	7646.589	162.95602	7917.0103	7378.2393	1000.0	1000.0	545000	161.44281	41.257057	214.54333	-120.45512	161.44244	41.25831	216.17624	-116.61111	-157.21948	8.51647	6865.433680057526
110	7840.71	243.97131	8123.8384	7498.878	7707.073	78.4132	7823.0137	7555.3315	1000.0	1000.0	550000	161.5247	41.24361	308.34152	-142.31607	161.52505	41.243973	211.8469	-142.8067	-157.22748	8.784986	6926.549255132675
111	7664.814	316.84058	8100.935	7225.82	8373.633	101.79992	8548.183	8226.757	1000.0	1000.0	555000	161.86829	41.12254	214.9016	-148.87816	161.86876	41.123363	213.37363	-157.20273	-157.73865	8.556594	6987.252838134766
112	7857.5986	92.59673	7974.7134	7724.1445	8301.377	82.376884	8430.119	8195.9	1000.0	1000.0	560000	162.02432	41.02977	215.11813	-214.20256	162.02435	41.029526	212.7142	-191.25722	-157.81062	9.038128	7048.23849606514
113	7813.2876	259.20386	8029.021	7310.541	7682.245	126.8017	7874.9717	7442.167	1000.0	1000.0	565000	162.19962	40.82936	246.29901	-213.94203	162.19957	40.829247	217.30359	-198.3895	-157.95625	8.774637	7109.886483192444
114	7700.999	204.89671	7946.754	7386.9453	8085.818	107.88621	8268.576	7927.7446	1000.0	1000.0	570000	162.20053	40.773247	225.41136	-196.97853	162.20084	40.773636	210.79724	-192.36302	-157.8704	8.852413	7170.640200138092
115	6816.6626	2249.2754	8057.422	2321.866	7959.5557	114.90761	8158.7954	7767.8545	1000.0	1000.0	575000	162.06145	40.678146	213.66702	-205.5665	162.0618	40.679333	227.14606	-194.85104	-157.78719	8.566819	7231.958489179611
116	7762.0264	98.94579	7866.26	7593.7046	8425.491	76.8622	8516.47	8265.514	1000.0	1000.0	580000	162.21227	40.63718	230.54123	-163.84123	162.21269	40.63766	210.92354	-174.45882	-157.95302	8.53907	7292.426716089249
117	7978.2227	188.87357	8206.468	7770.4683	8239.352	107.103874	8382.087	8026.052	1000.0	1000.0	585000	162.21436	40.734844	251.29292	-139.98897	162.21486	40.73431	211.9168	-182.5906	-157.9088	8.250279	7354.003566026688
118	7905.0767	179.59842	8067.5767	7604.572	8174.5874	116.79764	8397.78	7983.4067	1000.0	1000.0	590000	162.57558	40.4984	226.16685	-156.06746	162.57541	40.5006	218.76266	-159.6956	-158.14978	8.6111965	7415.060440063477
119	7875.422	118.56344	8039.851	7712.9033	8031.932	80.26705	8178.1035	7896.5127	1000.0	1000.0	595000	162.83334	40.46429	237.82945	-141.56233	162.83319	40.46661	230.40639	-146.44635	-158.55154	8.475069	7475.984795093536
120	7744.0796	195.65166	8059.6133	7548.177	8204.885	74.01118	8328.355	8095.7285	1000.0	1000.0	600000	163.18542	40.06794	217.56525	-117.56402	163.18575	40.067368	219.1947	-116.73097	-158.91397	8.487125	7537.36093211174
121	7736.807	155.20847	7924.0264	7509.8765	7057.415	125.491455	7248.009	6873.112	1000.0	1000.0	605000	163.2362	40.039948	232.29088	-104.69697	163.23674	40.040257	216.97601	-115.173454	-158.92259	8.738776	7598.1204380989075
122	7526.9307	567.13574	7968.671	6429.8667	8337.25	113.904465	8532.973	8179.862	1000.0	1000.0	610000	163.41391	39.851665	219.4334	-143.62164	163.41412	39.851448	214.77457	-107.30498	-159.0888	8.572689	7659.369907140732
123	7847.785	172.23547	8092.9824	7569.5845	8314.772	180.75983	8571.226	7841.8	1000.0	1000.0	615000	163.62859	39.791443	214.53336	-91.58813	163.6291	39.790966	213.45486	-82.18782	-159.34633	8.471841	7720.944392204285
124	7948.413	179.60744	8212.669	7672.1807	8373.383	116.95026	8569.757	8210.746	1000.0	1000.0	620000	163.8902	39.76961	211.38104	-75.67136	163.8901	39.7718	212.12971	-67.74773	-159.50667	8.375024	7781.784631967545
125	7867.957	207.53772	8148.2266	7510.703	7403.907	1942.8156	8383.794	1593.5548	1000.0	1000.0	625000	163.941	39.81511	220.32858	-82.06015	163.94125	39.816055	215.62103	-78.84053	-159.43896	8.396158	7842.9266312122345
126	7803.5366	143.87347	8055.146	7612.286	8426.836	66.62341	8509.33	8304.394	1000.0	1000.0	630000	164.0581	39.67365	229.37537	-83.20636	164.05804	39.67372	211.33437	-106.89093	-159.75694	8.711493	7903.877043247223
127	7822.383	245.10342	8170.5435	7497.1924	8407.01	95.28599	8548.101	8226.015	1000.0	1000.0	635000	163.82845	39.52466	219.71596	-73.67342	163.82864	39.52587	214.78076	-79.22653	-159.38896	8.485527	7964.808943033218
128	7766.3633	162.34087	8043.7993	7568.8877	8312.853	125.39174	8515.015	8124.712	1000.0	1000.0	640000	163.93419	39.27118	227.01723	-90.5599	163.9338	39.272278	211.0718	-69.25066	-159.44087	8.513089	8026.329890012741
129	8034.7734	136.6974	8184.17	7814.545	8410.177	71.12219	8564.146	8315.342	1000.0	1000.0	645000	164.08589	39.21624	214.46913	-112.82871	164.0864	39.21582	211.84303	-82.72381	-159.72075	8.445486	8087.375859260559
130	7963.6196	127.9912	8153.5645	7826.7812	8448.51	101.88993	8683.959	8321.959	1000.0	1000.0	650000	164.40593	38.999546	224.95117	-86.74637	164.40585	38.999474	213.14783	-128.49812	-159.95421	8.209301	8148.946353197098
131	8000.665	122.24402	8146.2896	7795.8306	8425.888	72.69358	8598.09	8335.637	1000.0	1000.0	655000	164.65474	39.063156	220.15086	-67.89467	164.6549	39.06362	215.0478	-96.630646	-160.17523	8.504744	8210.32841205597
132	7927.9844	161.84758	8179.457	7715.386	8417.148	104.12285	8610.013	8267.253	1000.0	1000.0	660000	164.8274	38.881737	226.56297	-81.68347	164.82811	38.879818	211.96101	-92.409	-160.40097	8.19531	8272.212127923965
133	8098.901	29.460041	8140.139	8062.1694	8414.402	112.32133	8599.202	8152.817	1000.0	1000.0	665000	164.89653	38.99836	221.46014	-122.06243	164.897	38.997868	225.00314	-107.06363	-160.4062	8.212304	8334.016218185425
134	7834.8413	101.587234	7992.7544	7695.1514	8331.906	124.739914	8594.586	8196.918	1000.0	1000.0	670000	165.10373	39.053406	220.06482	-99.04205	165.1035	39.05368	211.46185	-91.034676	-160.70613	8.122455	8395.75522518158
135	7756.518	265.71893	8143.153	7319.8384	8181.003	115.72954	8363.71	7934.622	1000.0	1000.0	675000	165.37537	38.763348	234.87312	-110.57278	165.3759	38.762333	212.73329	-93.72442	-160.86792	8.162251	8457.33161497116
136	7993.7266	216.90068	8273.304	7653.1714	8377.922	153.69662	8719.8955	8192.946	1000.0	1000.0	680000	165.40356	38.64717	220.71417	-78.3928	165.40393	38.646507	219.41458	-66.64002	-160.92093	8.388394	8518.490748167038
137	7911.8994	177.87733	8241.861	7765.157	8256.174	101.133835	8416.259	8079.9253	1000.0	1000.0	685000	165.6868	38.47096	226.65192	-80.30443	165.68706	38.47221	219.42818	-52.20191	-161.13995	8.252101	8580.178328037262
138	7837.053	257.50046	8231.0	7432.8525	8332.603	146.37798	8645.1	8165.29	1000.0	1000.0	690000	165.82031	38.477474	228.57874	-50.938076	165.8201	38.478855	213.52022	-50.932423	-161.29262	8.448392	8641.274607181549
139	7954.6475	189.99762	8106.991	7589.8184	8127.803	45.157864	8188.4453	8061.2407	1000.0	1000.0	695000	165.84192	38.52942	223.82558	-60.938625	165.8426	38.528828	218.05553	-57.42533	-161.43015	8.298356	8702.579314231873
140	7896.6475	143.32901	8080.57	7667.3936	8169.1743	91.30693	8299.318	7946.2134	1000.0	1000.0	700000	166.16403	38.23332	214.29514	-44.041023	166.16399	38.23432	212.42033	-57.949932	-161.70828	8.500507	8763.885823965073
141	7662.0615	207.99503	7905.7437	7355.654	8079.0947	675.08234	8366.172	6059.498	1000.0	1000.0	705000	166.08765	38.240715	212.94519	-32.91506	166.08759	38.242104	227.92223	-31.706472	-161.40065	8.596868	8825.587347269058
142	8090.9937	113.684166	8225.943	7901.7495	5871.335	2318.6758	7934.8877	1748.1516	1000.0	1000.0	710000	166.19441	38.094948	220.31906	-46.5716	166.1949	38.094055	213.11821	-34.458282	-161.62773	8.322405	8887.163537025452
143	7924.9775	211.95166	8186.5034	7609.803	8448.58	103.71195	8653.937	8320.288	1000.0	1000.0	715000	166.29904	38.11787	223.92802	-34.893883	166.2994	38.116745	215.5241	-41.61892	-161.7806	8.619267	8949.095614910126
144	7818.212	219.78351	8077.176	7447.217	8446.553	92.96438	8592.014	8269.192	1000.0	1000.0	720000	166.35368	37.784557	218.14886	-47.89598	166.35338	37.787136	218.30013	-57.939617	-161.81364	8.07582	9010.856090068817
145	8051.829	117.316185	8218.742	7871.684	8560.788	92.43782	8722.37	8427.061	1000.0	1000.0	725000	166.60367	37.873573	238.13963	-59.529373	166.60402	37.873775	219.11472	-62.83745	-162.09225	8.013787	9072.41536808014
146	8000.7085	202.11559	8305.433	7738.1133	8375.635	123.27469	8585.162	8171.6387	1000.0	1000.0	730000	166.85406	37.881874	229.15375	-56.679043	166.85431	37.882736	218.38342	-65.966934	-162.36757	8.291289	9133.889538049698
147	8022.464	163.21811	8216.067	7730.9614	6998.1562	1099.0566	7614.9863	3797.2493	1000.0	1000.0	735000	166.79225	37.970028	224.15337	-52.397034	166.79216	37.970703	220.03108	-76.85238	-162.33925	8.198817	9196.43356013298
148	7865.72	327.95532	8191.913	7252.0913	8431.0625	99.48834	8579.639	8203.0	1000.0	1000.0	740000	166.8744	37.907867	221.9914	-83.65318	166.87485	37.908215	219.19992	-88.287895	-162.21318	8.585683	9258.419340133667
149	8085.4814	188.18224	8261.643	7793.2993	8540.768	81.763916	8653.105	8398.18	1000.0	1000.0	745000	166.87949	37.835987	236.92271	-81.04298	166.87993	37.834057	219.069	-82.48535	-162.36613	8.265627	9321.204134225845
150	8128.4873	190.24063	8413.462	7878.087	8342.04	135.03558	8583.256	8175.7124	1000.0	1000.0	750000	167.07584	37.67253	218.99884	-107.50663	167.0757	37.67563	219.8549	-115.68062	-162.55338	8.226347	9383.143038272858
151	7853.5884	436.84003	8227.927	7041.7344	8246.631	120.5581	8484.846	8040.6064	1000.0	1000.0	755000	167.02841	37.577606	221.11432	-112.676254	167.02846	37.576878	219.65556	-122.443474	-162.44695	8.701894	9446.332118988037
152	8012.264	147.41483	8206.834	7772.4253	8286.07	76.41481	8434.658	8175.683	1000.0	1000.0	760000	167.16441	37.55924	222.41434	-136.0056	167.16481	37.558773	217.5879	-145.92764	-162.55388	8.08638	9508.278025150299
153	7908.4546	237.93051	8264.646	7682.014	8604.141	87.21172	8718.756	8428.164	1000.0	1000.0	765000	167.22499	37.682423	229.04178	-112.760414	167.22456	37.684505	218.26642	-109.45362	-162.62563	7.9565907	9570.25765490532
154	6880.5537	2465.0894	8205.929	1954.2588	8490.539	110.29497	8621.204	8302.899	1000.0	1000.0	770000	167.3726	37.531025	218.88554	-97.01048	167.3728	37.53241	217.67372	-107.11675	-162.84987	7.978654	9631.75024819374
155	7945.017	174.18886	8187.1104	7667.856	8511.197	48.7911	8596.275	8432.08	1000.0	1000.0	775000	167.38799	37.723953	216.3494	-116.0675	167.38814	37.72403	219.99773	-100.5507	-162.76598	7.8996	9693.809642076492
156	8100.5767	158.32773	8324.053	7832.123	8401.557	101.69544	8590.387	8220.91	1000.0	1000.0	780000	167.58675	37.466427	219.9359	-93.31975	167.58665	37.467636	219.4357	-89.875946	-162.96814	8.219239	9756.117638111115
157	8038.643	66.918495	8122.259	7922.703	8528.021	66.35591	8647.342	8386.8955	1000.0	1000.0	785000	167.72537	37.31207	218.60234	-76.9292	167.72565	37.31134	220.3569	-78.82485	-163.03392	8.170564	9817.790040969849
158	8017.2686	184.99144	8167.297	7661.6265	8554.863	83.38026	8671.154	8424.371	1000.0	1000.0	790000	167.92905	37.22861	219.53856	-100.78213	167.92896	37.229397	218.22392	-116.46156	-163.26765	8.063581	9879.591392040253
159	7981.2446	172.67816	8244.758	7786.474	8436.534	70.85017	8547.996	8339.137	1000.0	1000.0	795000	167.93774	37.239403	239.48596	-128.27725	167.93806	37.239246	218.6776	-111.2354	-163.25075	7.9807835	9941.503025054932
160	8067.792	150.23256	8229.302	7829.8496	8054.0615	120.67715	8241.375	7861.9688	1000.0	1000.0	800000	167.98763	37.183865	226.76562	-117.14922	167.98724	37.184265	220.06853	-119.57468	-163.30527	8.04706	10003.302779197693
161	7871.3877	375.3434	8186.7163	7185.147	8605.753	111.347	8849.659	8453.605	1000.0	1000.0	805000	168.22208	37.140057	219.59389	-102.26765	168.2223	37.1402	227.37918	-111.43749	-163.67908	8.122542	10065.237830162048
162	7981.75	233.47183	8315.768	7683.587	8311.141	135.77696	8506.332	8135.9956	1000.0	1000.0	810000	168.1633	37.143616	216.87357	-110.638405	168.16373	37.142464	215.67723	-121.215996	-163.59853	7.92115	10127.621629238129
163	8066.655	133.63504	8215.819	7839.077	8412.108	134.97466	8598.782	8240.887	1000.0	1000.0	815000	168.4614	36.92325	220.2566	-95.6376	168.46126	36.924377	219.41208	-94.999886	-163.78542	8.062794	10190.115375041962
164	7740.1978	80.109505	7823.2065	7593.2197	8505.254	126.00605	8682.338	8225.987	1000.0	1000.0	820000	168.52908	36.921024	260.18057	-97.370346	168.52963	36.918297	219.9611	-107.56157	-163.86508	7.9239936	10252.660614013672
165	8124.6133	146.58835	8404.59	7980.958	8633.139	63.14344	8743.128	8543.266	1000.0	1000.0	825000	168.49559	36.882217	217.97371	-89.690506	168.49548	36.88378	217.59453	-107.654655	-163.82977	8.080183	10315.168202877045
166	8133.745	100.862144	8280.838	8009.7617	7729.9985	1755.8889	8428.306	2468.5078	1000.0	1000.0	830000	168.66153	36.806652	217.55179	-84.524605	168.66179	36.80479	225.1773	-92.78807	-163.88963	8.07107	10377.560049057007
167	8146.1587	229.0071	8341.667	7768.564	8094.2373	520.43024	8455.332	6558.962	1000.0	1000.0	835000	168.62025	36.88487	232.9033	-108.43719	168.62024	36.884773	218.8029	-102.288765	-163.89948	8.229153	10440.16568017006
168	7997.5146	234.31833	8279.675	7592.1284	8481.287	120.9137	8625.773	8210.727	1000.0	1000.0	840000	168.59396	36.877228	232.78607	-106.498695	168.59421	36.876026	217.97437	-113.3951	-163.93788	8.17295	10503.010258197784
169	7995.3022	141.8615	8193.967	7755.3794	8564.762	114.22496	8830.079	8443.062	1000.0	1000.0	845000	168.74492	36.725845	220.46416	-106.6974	168.74477	36.727226	216.63121	-107.21084	-164.12547	7.993122	10564.956873893738
170	7945.3022	291.08118	8200.313	7399.2876	8625.146	91.86366	8752.122	8495.396	1000.0	1000.0	850000	168.93584	36.592155	223.20743	-118.47391	168.9357	36.592163	219.94803	-137.03065	-164.22717	8.148513	10628.199425935745
171	8082.257	147.98015	8299.516	7888.5054	8560.331	157.53738	8890.42	8260.633	1000.0	1000.0	855000	168.98497	36.49253	217.65033	-116.30261	168.98479	36.49403	217.84029	-119.91789	-164.28004	8.124406	10690.19064116478
172	8064.6514	113.66281	8221.509	7906.435	8707.679	120.97699	8857.009	8435.791	1000.0	1000.0	860000	169.01657	36.36528	224.03006	-103.81206	169.01639	36.367268	217.9716	-117.17388	-164.29663	7.7554884	10752.994937181473
173	8308.827	97.33752	8425.769	8196.415	7110.461	2934.644	8835.267	912.12976	1000.0	1000.0	865000	169.32512	36.296623	218.67644	-91.39962	169.3251	36.297806	217.67249	-90.47171	-164.57518	7.704475	10815.657599925995
174	7382.8774	1662.2203	8357.184	4062.9006	8398.264	91.05357	8530.281	8259.53	1000.0	1000.0	870000	169.37306	36.63831	218.23178	-112.45173	169.37347	36.63724	219.28146	-93.582306	-164.69717	7.990861	10878.539538145065
175	7942.1235	359.43616	8320.92	7291.251	8524.842	94.756546	8675.183	8341.435	1000.0	1000.0	875000	169.51768	36.557102	227.34782	-142.0203	169.51755	36.557667	218.41905	-111.58088	-164.8489	7.7726326	10941.220284223557
176	8146.004	131.69771	8337.517	7944.536	8604.119	130.04921	8839.59	8377.313	1000.0	1000.0	880000	169.58311	36.642525	246.90225	-121.4523	169.5832	36.643208	228.85126	-116.93107	-164.79483	7.928578	11004.01728105545
177	8131.7188	109.90956	8240.334	7983.1973	8555.151	125.04516	8762.051	8266.554	1000.0	1000.0	885000	169.53754	36.57829	219.93202	-143.3225	169.53813	36.57597	219.64667	-149.05324	-164.90083	7.979222	11066.415091276169
178	8078.6343	160.91226	8238.71	7790.953	8697.547	82.09336	8874.456	8589.463	1000.0	1000.0	890000	169.4981	36.511456	223.07867	-127.079735	169.49806	36.51107	219.30199	-123.57564	-164.7076	7.924247	11129.147239208221
179	8108.6	63.11786	8184.0386	8025.1104	8330.298	63.51136	8448.589	8235.253	1000.0	1000.0	895000	169.52904	36.363182	218.25717	-148.48012	169.52965	36.361317	217.51929	-120.23972	-164.66342	7.7709775	11192.320245981216
180	8000.5415	200.0062	8332.841	7813.607	8327.862	76.169815	8416.315	8211.505	1000.0	1000.0	900000	169.57945	36.211308	220.14224	-118.938255	169.5795	36.21078	221.97018	-110.86861	-164.76938	8.001464	11255.085927248001
181	8059.954	152.84941	8254.592	7827.3315	8300.119	141.07185	8567.117	8142.7515	1000.0	1000.0	905000	169.50868	36.441452	219.03151	-116.63123	169.50923	36.44063	219.30128	-151.03497	-164.81818	8.124833	11317.707521915436
182	8127.2646	207.1438	8361.891	7763.8037	8739.315	127.81959	8895.924	8542.664	1000.0	1000.0	910000	169.60297	36.172886	224.46385	-116.112144	169.60303	36.17174	219.96954	-110.45735	-164.81784	7.6971436	11380.696216106415
183	8179.6353	233.3335	8596.327	7972.0454	8570.058	99.23911	8781.578	8455.147	1000.0	1000.0	915000	169.68292	36.028862	218.58644	-94.12845	169.68295	36.03032	218.43217	-162.16782	-164.89671	7.720661	11443.918272972107
184	8140.55	159.23732	8408.226	7913.097	8693.191	116.62528	8933.174	8538.877	1000.0	1000.0	920000	169.5158	36.08859	220.52637	-97.38582	169.51549	36.089622	218.89178	-120.74249	-164.67657	8.100326	11507.055227041245
185	8254.83	141.32167	8428.458	8000.0166	8511.224	102.29323	8650.837	8332.61	1000.0	1000.0	925000	169.55379	36.32278	224.2651	-146.03726	169.554	36.322815	219.65666	-116.934296	-164.8049	8.114316	11570.35562491417
186	7968.8267	222.8501	8245.504	7683.275	8467.716	108.52464	8653.328	8278.9795	1000.0	1000.0	930000	169.58879	36.15524	230.99165	-123.7778	169.58913	36.15472	222.74275	-142.42416	-164.78488	8.369608	11633.144577026367
187	8184.882	137.9034	8379.095	8002.12	8701.783	114.34995	8846.389	8501.22	1000.0	1000.0	935000	169.53136	36.113983	226.04744	-142.71596	169.53185	36.11234	219.14551	-140.88495	-164.7542	8.192573	11695.684185028076
188	8178.798	163.10793	8458.421	7976.96	8480.692	82.44761	8626.752	8344.675	1000.0	1000.0	940000	169.81396	35.685017	247.31021	-126.96732	169.81467	35.681973	220.8868	-128.12828	-165.03117	8.158236	11758.339734077454
189	8308.776	91.223465	8401.047	8190.8975	8661.033	122.22777	8796.446	8412.103	1000.0	1000.0	945000	169.7998	35.959362	218.651	-156.60667	169.79962	35.96136	219.76967	-157.2984	-165.04617	7.906461	11821.298990011215
190	8151.4087	72.85845	8244.013	8026.945	8720.151	107.64949	8912.239	8597.359	1000.0	1000.0	950000	170.39069	35.64345	232.14575	-157.93112	170.39091	35.642914	220.83873	-160.13364	-165.592	7.6429453	11884.961730957031
191	8108.4673	137.70447	8283.198	7873.707	8681.986	93.015366	8811.846	8532.872	1000.0	1000.0	955000	170.19937	35.756416	224.90685	-149.3343	170.20003	35.754128	220.5487	-144.59314	-165.32977	8.214859	11948.480204105377
192	8134.4346	156.46062	8320.783	7860.399	8303.823	180.86256	8650.889	8078.2314	1000.0	1000.0	960000	170.24396	35.725113	241.72322	-131.21576	170.24379	35.725636	239.94543	-143.58086	-165.41035	8.160396	12011.451585054398
193	8291.921	123.65246	8499.092	8110.909	8551.248	105.81084	8751.077	8387.793	1000.0	1000.0	965000	170.20004	35.701443	224.8263	-137.2241	170.20055	35.69948	217.70964	-175.3671	-165.40826	8.213226	12074.952377080917
194	8110.5	242.19698	8469.429	7800.4595	8627.167	108.1779	8812.807	8429.494	1000.0	1000.0	970000	170.46364	35.692833	250.56175	-158.52115	170.46373	35.692562	218.1861	-163.56	-165.64067	8.117795	12138.83010005951
195	8228.806	179.60953	8436.222	8001.269	8775.305	117.9471	8924.042	8568.192	1000.0	1000.0	975000	170.69174	35.571262	233.36328	-191.06046	170.69255	35.56975	220.74803	-154.50497	-165.81798	8.160642	12202.05821299553
196	8162.8296	195.8643	8493.413	7900.512	8689.141	56.24248	8797.29	8592.028	1000.0	1000.0	980000	171.0302	35.44229	238.68103	-154.38126	171.02972	35.443752	220.13242	-155.40344	-166.25377	7.8783717	12265.128875017166
197	8237.716	120.91509	8404.843	8077.9697	8433.377	97.301056	8604.692	8206.142	1000.0	1000.0	985000	171.12567	35.641098	218.65854	-170.90862	171.12585	35.64139	218.42212	-174.79283	-166.35564	8.0375	12328.33099102974
198	7953.932	230.19867	8267.088	7646.3022	8530.472	85.15255	8670.84	8393.977	1000.0	1000.0	990000	171.29489	35.445267	217.31546	-130.71793	171.29482	35.445377	219.52548	-148.37451	-166.43456	7.8320584	12392.18200802803
199	8211.625	197.60733	8397.019	7828.815	8266.971	516.4125	8659.895	6753.72	1000.0	1000.0	995000	171.22803	35.54754	220.39049	-158.07788	171.22849	35.5451	220.671	-163.73856	-166.41187	7.802258	12455.490467071533
