Epoch	AverageEpRet	StdEpRet	MaxEpRet	MinEpRet	AverageTestEpRet	StdTestEpRet	MaxTestEpRet	MinTestEpRet	EpLen	TestEpLen	TotalEnvInteracts	AverageQ1Vals	StdQ1Vals	MaxQ1Vals	MinQ1Vals	AverageQ2Vals	StdQ2Vals	MaxQ2Vals	MinQ2Vals	LossPi	LossQ	Time
1	-305.36578	66.7973	-224.55208	-383.9669	-70.30183	30.99949	-32.717564	-124.73319	1000.0	1000.0	5000	0.52720606	2.5163267	14.771669	-9.360713	0.5271855	2.5175257	14.820428	-9.674731	-1.3334689	0.40798104	56.621795892715454
2	-229.10335	82.55534	-95.69447	-353.48465	-402.94977	46.643078	-337.3583	-461.27972	1000.0	1000.0	10000	6.889577	7.034379	30.121365	-10.4806385	6.889392	7.0334406	30.628908	-11.355389	-8.9578495	1.2753644	113.704430103302
3	-260.65945	199.12431	-28.375826	-555.3351	-159.62997	271.95523	210.73166	-672.0073	1000.0	1000.0	15000	16.30534	9.754433	51.507492	-13.126378	16.304623	9.754439	52.141094	-13.086638	-18.220743	2.8154125	171.7338411808014
4	391.17926	745.415	1674.3474	-530.5334	1070.439	531.4652	1809.6119	7.9387984	1000.0	1000.0	20000	19.9691	16.399622	77.694626	-13.6952095	19.968658	16.399357	77.45551	-15.564452	-21.724724	3.4705195	226.8560709953308
5	1173.5139	774.1393	2089.8533	259.70953	2642.039	208.14192	3008.0776	2307.1343	1000.0	1000.0	25000	31.008808	22.928381	97.93881	-13.496275	31.00866	22.926651	98.019775	-13.365446	-33.194393	4.9086523	273.6444990634918
6	2468.6172	1014.1126	3302.774	480.68683	2999.1567	1074.5454	3713.325	-169.84358	1000.0	1000.0	30000	47.42932	30.280993	139.76181	-11.052943	47.42956	30.279829	138.14569	-10.730985	-49.70488	6.291003	321.94032192230225
7	3674.6687	212.80217	3897.45	3328.0264	3479.853	704.6976	3936.1143	1422.7028	1000.0	1000.0	35000	68.09929	41.37623	170.32181	-17.25001	68.09948	41.374336	169.3264	-15.973106	-70.425514	8.869838	370.7724509239197
8	3589.8677	306.38788	4026.1519	3207.5808	3712.813	1079.0532	4239.066	491.2876	1000.0	1000.0	40000	91.70741	51.700844	197.5372	-27.941294	91.70762	51.69895	200.5861	-29.702442	-94.37869	12.521168	421.93038988113403
9	4102.222	130.89252	4225.504	3849.2603	4351.4795	167.70297	4530.432	3945.6985	1000.0	1000.0	45000	115.20727	60.99605	222.9414	-40.833035	115.20708	60.993908	223.56906	-38.419098	-118.028175	15.196835	471.07108998298645
10	4249.354	138.80664	4437.6157	4067.7212	4407.67	191.09444	4647.762	3977.4514	1000.0	1000.0	50000	139.06416	67.32307	250.03584	-46.123985	139.06409	67.32036	250.60777	-43.244923	-142.1281	17.339382	519.5294802188873
11	4409.064	45.75901	4484.837	4359.23	4408.2393	119.76929	4589.8633	4210.9077	1000.0	1000.0	55000	162.69507	69.453285	267.83713	-30.73585	162.69542	69.45086	269.29926	-27.093967	-165.5291	18.201927	566.5882029533386
12	4563.5913	163.50752	4831.216	4392.48	4664.3657	245.1958	4900.653	4026.864	1000.0	1000.0	60000	185.10403	70.34493	292.33206	-9.209735	185.10327	70.344345	293.1791	-8.062503	-187.99985	19.334314	614.2276771068573
13	4626.7637	291.26422	4833.57	4049.072	4876.874	72.37784	4963.287	4740.006	1000.0	1000.0	65000	205.65608	71.8341	311.5899	21.50341	205.65547	71.83298	312.27798	21.640703	-208.4704	20.0246	660.7336120605469
14	4786.341	169.46466	4892.3916	4449.169	4947.2695	91.82953	5066.772	4744.8325	1000.0	1000.0	70000	223.53923	75.50796	329.27502	10.357088	223.5386	75.50744	329.10098	8.324477	-225.99658	21.904278	708.7296249866486
15	4810.093	121.92325	4998.3174	4693.638	4978.161	110.32863	5125.128	4763.0522	1000.0	1000.0	75000	239.39845	79.93081	343.0613	-3.1309984	239.39809	79.92944	348.7324	-5.6637516	-242.00446	23.504314	756.8643310070038
16	4929.9116	87.56755	5056.7134	4799.1406	5080.409	89.59176	5237.393	4938.443	1000.0	1000.0	80000	255.31526	82.79918	357.06866	-2.6587446	255.31479	82.79873	356.7523	2.0248377	-257.8556	23.792444	806.8508219718933
17	5051.1226	118.58975	5206.3647	4911.5024	5294.625	146.5369	5511.5366	5102.381	1000.0	1000.0	85000	269.8287	85.71486	373.92236	-17.331963	269.82858	85.71404	372.05536	-6.6571927	-272.2611	24.127277	853.9114620685577
18	5128.4004	93.43372	5242.809	5016.335	5328.651	61.495434	5407.0117	5240.3374	1000.0	1000.0	90000	283.697	88.100975	387.54886	-9.800339	283.69647	88.10066	388.23294	-26.712112	-286.01596	24.79676	900.5049419403076
19	5114.2446	61.36753	5171.1865	4996.6904	5186.608	118.14155	5354.874	4991.681	1000.0	1000.0	95000	296.9322	89.577156	412.00415	-28.99701	296.93222	89.57701	411.53986	-30.24884	-299.3459	24.88154	949.1307229995728
20	5145.952	68.87597	5229.9385	5043.617	5478.4956	97.721245	5664.003	5314.0854	1000.0	1000.0	100000	309.2406	90.3547	420.88123	-17.319998	309.23993	90.35403	422.21738	-4.889737	-311.61206	25.412363	998.1760921478271
21	5142.9277	107.2548	5238.7046	4934.9917	5175.4453	770.42255	5614.4834	2886.5095	1000.0	1000.0	105000	320.57324	90.56786	431.21866	-27.37235	320.57303	90.56805	428.74078	-16.180462	-322.53784	25.94208	1046.9124641418457
22	5318.775	89.38098	5434.157	5202.463	5044.1187	1594.9888	5666.131	261.88995	1000.0	1000.0	110000	330.7767	91.41288	439.25568	-15.370888	330.7763	91.41298	438.5568	-8.861637	-333.03052	25.850193	1095.27694106102
23	5282.9077	159.76857	5475.2197	5100.152	5304.8022	483.3494	5653.601	3879.993	1000.0	1000.0	115000	340.70212	91.75284	447.95456	-20.036556	340.70193	91.75277	446.74246	-5.469529	-343.0336	26.790985	1141.7739989757538
24	5435.9346	102.29948	5546.2793	5294.6265	5560.215	91.232124	5761.3716	5413.466	1000.0	1000.0	120000	349.75897	91.3272	459.5817	4.255764	349.75906	91.32574	461.21603	-2.2065818	-352.0006	27.499456	1189.3087060451508
25	5205.5576	418.31766	5631.5103	4451.127	5834.831	157.82903	6185.291	5680.8086	1000.0	1000.0	125000	358.45065	92.24655	466.64862	-35.363323	358.44995	92.246284	465.49673	-29.668205	-360.62997	28.62057	1235.2587130069733
26	5466.1157	79.01236	5598.602	5367.3716	5958.9297	160.46124	6232.6704	5695.037	1000.0	1000.0	130000	365.62476	94.37201	474.76956	-63.993538	365.6248	94.371544	475.5545	-65.55891	-367.90503	30.22578	1286.214574098587
27	5043.2217	1350.8004	5866.147	2349.4756	5916.6357	124.68981	6075.291	5625.452	1000.0	1000.0	135000	372.51566	96.486244	478.1517	-72.82863	372.5156	96.4873	478.71915	-71.40601	-374.39908	31.42335	1338.452870130539
28	5600.4844	96.55997	5782.635	5506.2207	5722.866	97.39593	5850.591	5542.75	1000.0	1000.0	140000	379.20065	97.98317	487.27032	-51.12852	379.2001	97.9826	486.73196	-73.125984	-381.30545	32.50367	1394.6555280685425
29	5547.13	284.45404	5823.7627	5001.8564	5969.7773	81.52974	6099.182	5830.5327	1000.0	1000.0	145000	385.79068	99.148346	489.45166	-77.54001	385.79062	99.14791	493.22977	-101.177795	-387.91858	33.265366	1445.3344180583954
30	4755.7627	1771.9011	5708.4336	1214.1947	6057.3696	86.04449	6192.6846	5906.329	1000.0	1000.0	150000	390.99817	102.22853	496.66418	-112.877914	390.99863	102.22588	496.48962	-98.63265	-393.07574	35.08781	1494.8721158504486
31	5757.118	167.83914	5884.811	5441.5327	6112.8145	153.42323	6431.2827	5804.001	1000.0	1000.0	155000	395.52493	105.791084	502.84338	-121.83729	395.52496	105.78967	501.31253	-134.23244	-397.52963	35.74605	1551.8709831237793
32	5819.4497	85.604416	5973.6387	5727.8403	5755.6694	84.893036	5932.3184	5659.9653	1000.0	1000.0	160000	402.0178	105.55427	509.0682	-121.92786	402.0174	105.554245	510.934	-127.62494	-404.24985	34.982174	1606.9707601070404
33	5831.871	57.218933	5908.058	5750.755	5156.23	1858.9445	6285.679	696.91345	1000.0	1000.0	165000	408.03812	105.49701	516.2908	-137.79059	408.03833	105.4955	515.03455	-117.77447	-410.1657	33.97955	1655.5021460056305
34	5718.35	322.21112	5974.343	5083.526	6345.692	66.718	6476.966	6237.567	1000.0	1000.0	170000	413.56982	105.73061	523.7526	-196.4591	413.5699	105.729416	524.1054	-173.44736	-415.83527	33.89018	1702.442174911499
35	6094.219	58.917603	6180.8374	6006.151	6244.378	113.00334	6392.058	6037.3003	1000.0	1000.0	175000	419.21942	105.80289	531.23315	-170.32617	419.2199	105.801956	530.2745	-150.52126	-421.4476	34.714676	1749.7834978103638
36	6053.7715	240.84396	6518.6226	5860.266	6373.89	189.77908	6649.6743	6014.936	1000.0	1000.0	180000	424.62354	106.10939	534.6365	-162.44856	424.62344	106.107956	535.6364	-165.46806	-426.81696	35.386444	1800.3022770881653
37	6153.1694	159.03448	6350.797	5951.132	6368.7573	140.44054	6509.367	6024.247	1000.0	1000.0	185000	429.85815	105.891655	550.40137	-129.33063	429.85767	105.89132	550.055	-136.27486	-431.6775	36.108585	1871.3103239536285
38	6269.7515	126.0861	6470.886	6084.3506	6614.8506	83.84207	6748.416	6466.702	1000.0	1000.0	190000	434.51733	106.61411	553.8359	-153.21248	434.51773	106.612434	554.6507	-146.33885	-436.6304	35.715786	1946.4239010810852
39	6228.4277	101.37929	6350.5107	6097.615	6651.716	172.80507	6810.3096	6191.5225	1000.0	1000.0	195000	439.63953	107.119965	558.2395	-154.23024	439.64032	107.11875	558.6	-160.21985	-441.6072	35.125546	2017.7767179012299
40	6332.4067	23.295776	6364.199	6307.3413	6666.349	132.85513	6907.2837	6441.568	1000.0	1000.0	200000	444.66595	107.77199	567.4303	-180.90004	444.66583	107.77179	564.7464	-146.01047	-446.6654	34.768036	2088.1842329502106
41	5848.9097	1237.6626	6701.577	3391.0696	6997.5767	134.85664	7192.0024	6701.3823	1000.0	1000.0	205000	449.5672	109.49922	566.80664	-167.7452	449.56747	109.49837	568.38446	-164.87059	-451.6058	36.52787	2159.2287878990173
42	6414.215	182.64629	6640.5605	6187.602	6519.3057	570.191	6846.138	4853.9004	1000.0	1000.0	210000	453.9297	111.526115	577.29614	-192.56078	453.92932	111.52618	579.56995	-184.78732	-456.00595	38.84896	2225.1569340229034
43	6512.6772	86.371796	6652.77	6399.6245	6680.232	99.3713	6866.524	6497.364	1000.0	1000.0	215000	458.93222	111.98383	577.8959	-185.4298	458.9319	111.98273	579.0943	-180.46547	-461.1149	38.652943	2280.9178478717804
44	6357.484	322.5681	6733.5527	5759.9653	6669.2705	87.438156	6811.0645	6501.998	1000.0	1000.0	220000	464.12225	111.237656	580.81036	-229.6097	464.1229	111.236786	582.04517	-233.20113	-466.474	41.561386	2335.49205493927
45	6576.6587	204.17422	6907.6177	6344.349	6579.1	79.767815	6724.2285	6473.303	1000.0	1000.0	225000	469.17896	110.82208	583.963	-328.4614	469.1791	110.82186	584.5498	-289.2498	-471.5471	41.417538	2391.6471650600433
46	6595.833	178.5569	6795.096	6287.133	6864.81	100.40173	6987.2524	6655.3306	1000.0	1000.0	230000	474.27087	110.35065	590.2219	-235.32158	474.2708	110.34844	591.5734	-263.10178	-476.6325	41.222424	2448.272859096527
47	6618.449	197.06732	6915.8906	6333.8706	6697.178	1023.8197	7110.7197	3628.072	1000.0	1000.0	235000	479.0777	110.09369	589.97406	-210.67554	479.07782	110.09303	593.6834	-236.1816	-481.10446	42.608078	2510.036046028137
48	6742.3438	178.52802	7074.744	6536.409	6786.3193	1705.1617	7566.643	1687.9468	1000.0	1000.0	240000	483.7139	110.24229	598.8285	-207.96458	483.71384	110.2427	598.3797	-283.39075	-485.79016	40.546112	2569.3990609645844
49	7081.6836	109.168465	7251.536	6916.9873	7333.4385	76.76171	7480.519	7214.002	1000.0	1000.0	245000	488.42017	110.52198	603.9841	-191.35704	488.42032	110.52195	604.7633	-218.4485	-490.3742	39.465717	2627.6708149909973
50	6846.186	147.35722	7031.0806	6698.0073	7129.6797	83.38219	7276.3755	6983.9126	1000.0	1000.0	250000	492.9106	110.48174	608.1765	-311.48184	492.91052	110.48117	608.86334	-295.02057	-495.0928	40.367264	2674.6608560085297
51	6957.0483	90.22102	7108.7817	6831.551	7210.583	130.07054	7391.6025	6945.7354	1000.0	1000.0	255000	497.59006	110.228836	615.0673	-254.9675	497.5903	110.22851	612.33545	-302.03574	-499.5662	38.75065	2715.8674879074097
52	7151.2134	221.92921	7400.0723	6838.8057	7383.8594	88.416985	7510.7593	7231.8115	1000.0	1000.0	260000	502.1824	110.537415	619.91516	-199.37485	502.1822	110.53832	618.5344	-208.60231	-504.3153	39.047523	2755.8194007873535
53	7093.185	124.65144	7271.976	6933.842	7499.797	129.96213	7859.016	7376.903	1000.0	1000.0	265000	506.47916	110.346855	625.7539	-229.89455	506.47964	110.346	624.1235	-261.59348	-508.31726	40.687744	2796.200765132904
54	6587.318	1051.6832	7360.7905	4513.812	7141.375	1525.7285	7956.4404	2589.0442	1000.0	1000.0	270000	509.95557	111.73241	633.30133	-276.57385	509.95566	111.73239	633.04114	-345.61444	-512.1282	43.288742	2877.4477849006653
55	7067.081	144.2674	7233.249	6889.3906	6901.9624	1968.3335	7968.3213	1361.5153	1000.0	1000.0	275000	514.1175	112.57828	631.43	-363.5789	514.11774	112.578415	630.2881	-297.05325	-516.352	42.907993	2988.8146159648895
56	7349.047	118.02975	7534.9937	7176.836	6722.5264	2480.565	8055.178	157.11943	1000.0	1000.0	280000	517.87604	113.36507	637.8455	-187.95476	517.8754	113.36479	635.4814	-208.88559	-520.24744	40.596928	3088.43075799942
57	7327.8438	83.14187	7485.005	7256.762	7986.221	201.54515	8349.269	7655.0317	1000.0	1000.0	285000	522.45435	113.038994	642.52997	-167.36937	522.4541	113.039986	640.17236	-150.03154	-524.9657	42.589317	3189.378401041031
58	7296.3477	229.74155	7672.7227	7009.933	7550.197	1623.4019	8265.39	2696.6401	1000.0	1000.0	290000	527.05457	112.582375	649.6249	-119.121666	527.0544	112.5843	647.5561	-181.90102	-529.1944	42.802727	3277.8575999736786
59	7527.15	96.46479	7687.783	7385.0967	7497.8306	678.0054	7889.568	5508.662	1000.0	1000.0	295000	531.2129	113.108345	650.3544	-159.5468	531.213	113.10925	651.64984	-151.00618	-533.3987	42.102146	3388.2077379226685
60	7532.9814	105.35824	7685.128	7377.561	8077.8213	247.38512	8338.671	7605.512	1000.0	1000.0	300000	535.54663	113.71833	661.38794	-159.33223	535.54584	113.72075	664.2062	-169.39261	-537.7997	41.992455	3482.718959093094
61	7488.3936	270.36926	7866.864	7021.697	8171.4297	107.24973	8318.444	8007.476	1000.0	1000.0	305000	539.7509	114.73561	667.0428	-151.61887	539.75073	114.737236	666.23285	-157.31346	-541.88403	43.13681	3575.9653339385986
62	6564.62	2146.8862	7706.275	2272.4834	7418.1377	2431.4775	8435.543	130.99251	1000.0	1000.0	310000	543.4943	117.11776	676.02747	-241.75035	543.494	117.11927	673.5387	-241.75955	-546.1298	43.878395	3664.061679124832
63	7571.0234	142.95647	7821.762	7389.905	7089.986	2029.5306	8081.616	1022.54254	1000.0	1000.0	315000	546.7605	120.36116	677.782	-208.79453	546.7601	120.36339	680.49384	-195.13899	-549.2373	46.730663	3755.981426000595
64	7699.0283	271.75198	8123.2383	7316.3813	7443.4795	1379.7789	8188.424	3340.9558	1000.0	1000.0	320000	550.86945	121.10321	690.1756	-180.6648	550.8687	121.10715	690.1389	-205.87898	-553.3607	47.540306	3843.084641933441
65	7384.147	483.88635	7832.99	6504.532	8453.128	287.21085	8799.895	7735.3955	1000.0	1000.0	325000	554.84906	121.367	688.9962	-240.02689	554.84845	121.36945	688.8997	-217.71489	-557.3563	47.399845	3938.5745508670807
66	7558.866	142.74571	7785.966	7339.203	8336.678	87.50512	8416.306	8151.536	1000.0	1000.0	330000	558.2001	123.0823	693.2166	-159.36263	558.19977	123.08473	692.9767	-175.56645	-560.4048	49.98091	4030.89870095253
67	7669.072	52.174927	7719.1714	7569.6973	7389.678	1231.2639	8012.0073	3714.2832	1000.0	1000.0	335000	562.1321	123.09892	698.6912	-248.07864	562.1313	123.09936	698.3796	-297.72833	-565.0967	51.94323	4131.754176855087
68	7647.453	175.51378	7833.105	7414.354	8185.202	92.934906	8311.232	8013.2896	1000.0	1000.0	340000	565.5805	123.713875	701.235	-209.42218	565.58044	123.71797	700.22705	-193.51158	-568.0575	51.770966	4226.5144810676575
69	7821.6025	149.93826	8078.09	7637.5005	8064.378	659.1817	8409.786	6095.706	1000.0	1000.0	345000	568.73505	124.199165	705.5866	-320.6046	568.73444	124.19954	701.8009	-321.8582	-571.3939	53.045612	4320.773459911346
70	7741.189	310.87305	8125.171	7186.583	8230.519	1112.8027	8973.989	4939.3584	1000.0	1000.0	350000	572.0951	123.48404	707.3379	-267.21667	572.09546	123.484055	706.27124	-260.89062	-574.6904	53.391773	4415.837327957153
71	7840.0576	205.37563	8138.8706	7592.0273	8539.025	119.40622	8744.172	8420.168	1000.0	1000.0	355000	575.3767	123.2179	711.4326	-237.01471	575.3764	123.215385	712.13104	-230.6477	-577.9722	54.7474	4504.9789249897
72	7847.397	120.6797	8008.9546	7686.4155	8483.454	136.1946	8655.922	8169.814	1000.0	1000.0	360000	578.3822	122.756294	714.012	-167.26424	578.3817	122.75989	715.51764	-302.73166	-580.7924	55.393826	4574.032752037048
73	7581.057	658.61206	7983.896	6269.4785	8484.903	118.38569	8696.206	8298.078	1000.0	1000.0	365000	581.38165	123.66869	717.3068	-211.51973	581.3813	123.66963	716.77167	-219.26064	-583.8487	55.697605	4627.5826070308685
74	7846.9756	193.77582	8030.8643	7545.008	8262.021	93.4232	8467.408	8124.584	1000.0	1000.0	370000	584.3718	123.60964	722.531	-273.24533	584.3713	123.61178	723.27325	-179.52515	-587.0579	60.7331	4677.577908992767
75	7982.466	307.7807	8302.521	7442.844	7628.2383	1996.7213	8665.972	2530.397	1000.0	1000.0	375000	587.325	123.26009	722.0793	-257.07178	587.325	123.26001	720.80585	-248.29088	-589.54175	57.647038	4729.799775838852
76	7766.366	473.46915	8197.785	6891.475	8338.9375	134.20093	8556.698	8191.2227	1000.0	1000.0	380000	589.98804	123.13843	726.5486	-334.66217	589.9877	123.14139	728.5157	-285.17892	-592.1827	59.658386	4782.385891914368
77	8297.945	222.12411	8617.008	8008.147	8457.748	637.28455	8854.71	6632.6387	1000.0	1000.0	385000	592.4333	123.285934	738.721	-320.11136	592.4327	123.28846	734.52216	-311.72766	-594.6601	62.756336	4836.329787015915
78	8106.396	159.73878	8351.089	7941.6973	8001.607	91.37139	8150.328	7846.2803	1000.0	1000.0	390000	595.11475	123.254105	737.1304	-279.40747	595.1144	123.25781	736.57886	-274.229	-597.6183	57.37774	4887.2043669223785
79	7631.2485	1137.8743	8412.791	5371.322	8933.333	182.79768	9267.588	8673.82	1000.0	1000.0	395000	597.1764	125.149475	739.874	-326.3393	597.17554	125.14993	743.3749	-303.0151	-599.681	60.47295	4938.271732807159
80	7864.831	277.51654	8254.453	7400.497	8934.244	217.75296	9177.907	8500.456	1000.0	1000.0	400000	599.8802	125.69259	750.8409	-391.00348	599.88043	125.69199	759.4185	-334.8772	-602.4354	63.99024	5022.039777040482
81	8161.9023	191.77446	8501.696	7970.4033	8799.659	182.82855	9023.609	8505.535	1000.0	1000.0	405000	602.8449	124.6985	748.64276	-406.85373	602.8448	124.702034	748.98236	-334.5187	-605.7437	66.15875	5122.509617090225
82	8313.611	200.84155	8535.4375	7948.0483	8727.83	245.8903	8954.71	8093.3545	1000.0	1000.0	410000	604.8459	124.848404	752.7088	-329.45197	604.8451	124.85067	751.917	-300.34985	-607.17267	66.585915	5219.997552156448
83	8270.295	169.03557	8571.9795	8051.327	8979.656	228.17603	9358.764	8616.228	1000.0	1000.0	415000	607.19073	124.51546	751.4475	-213.32939	607.19	124.51647	751.05756	-256.04858	-609.8871	61.880444	5311.211533069611
84	8308.549	350.07275	8742.094	7800.767	8265.292	336.9702	8526.165	7311.3926	1000.0	1000.0	420000	609.5821	125.20795	755.1782	-277.2333	609.5816	125.21004	758.01086	-258.64816	-612.2291	63.197575	5406.676236867905
85	7965.0664	422.31332	8337.725	7155.3804	7647.4414	2240.3818	8686.277	951.43365	1000.0	1000.0	425000	611.84973	126.63561	756.3296	-201.34639	611.84906	126.63593	759.7738	-185.14163	-614.8371	62.444645	5508.079056024551
86	8373.292	278.59222	8761.622	7897.641	7661.301	2324.4146	8725.931	708.62695	1000.0	1000.0	430000	614.43365	126.51393	761.8285	-233.74014	614.43335	126.51529	761.02936	-231.08759	-616.9172	67.66606	5604.846407175064
87	8053.6196	205.8582	8305.402	7753.9116	8520.021	997.6955	9079.759	5554.0073	1000.0	1000.0	435000	616.7723	127.19003	764.4212	-329.00873	616.7725	127.191734	764.58417	-301.99506	-619.6796	76.956436	5707.111212015152
88	8334.787	84.083824	8413.672	8231.373	7668.7593	2260.5547	8670.55	896.99634	1000.0	1000.0	440000	619.3909	127.28169	781.9576	-356.6066	619.39075	127.28332	779.86475	-413.51443	-621.8937	74.98249	5794.515141963959
89	8534.617	347.1299	8959.822	8005.4424	9290.189	193.57959	9646.593	9045.521	1000.0	1000.0	445000	621.9394	127.1207	781.7484	-344.76895	621.93835	127.12192	781.4279	-314.8018	-624.76013	70.84584	5838.343593835831
90	8570.669	144.9031	8694.846	8344.514	8873.393	189.67702	9181.402	8534.608	1000.0	1000.0	450000	624.4604	127.902466	785.92834	-405.56406	624.46027	127.90422	783.8685	-477.055	-627.2305	74.002914	5879.853043079376
91	8524.981	170.29138	8849.11	8374.006	9199.719	180.15114	9504.17	8926.824	1000.0	1000.0	455000	627.0284	128.1094	786.91034	-302.16617	627.0284	128.11195	789.4713	-313.01816	-629.7498	73.09201	5921.529922008514
92	8778.508	258.983	9026.563	8281.681	8572.744	167.26985	8883.078	8330.058	1000.0	1000.0	460000	629.5047	128.84279	791.02484	-199.79755	629.5042	128.8438	793.9739	-221.3713	-631.82367	74.045685	5962.9188141822815
93	8474.043	249.9125	8848.019	8071.677	8644.025	201.21211	9017.176	8261.122	1000.0	1000.0	465000	631.57416	128.84418	791.5795	-203.63362	631.5746	128.84087	794.59955	-198.8856	-634.4438	70.1647	6003.038930177689
94	7719.772	1323.3121	8506.641	5085.867	8507.553	2002.9417	9756.171	2683.4844	1000.0	1000.0	470000	633.63873	129.3848	792.6033	-305.09955	633.63855	129.38326	794.8484	-280.2825	-636.1005	75.05004	6047.283252954483
95	8544.097	238.19365	8864.783	8154.48	8926.528	1451.8953	9816.535	4615.3506	1000.0	1000.0	475000	635.1505	131.34235	802.04034	-308.11853	635.14923	131.34552	804.07355	-298.54965	-637.8105	80.221436	6100.318626880646
96	8718.74	397.1398	9334.142	8293.72	8441.631	2299.4578	9470.491	1557.6211	1000.0	1000.0	480000	637.567	131.32207	801.5782	-353.80634	637.567	131.31924	801.05023	-304.45587	-640.47107	84.07721	6152.629251003265
97	7499.0127	2568.4824	9167.746	2387.9902	8368.616	1894.5023	9248.607	2720.9333	1000.0	1000.0	485000	638.94476	134.18552	803.7355	-774.97687	638.9441	134.1878	805.62384	-636.7671	-641.6213	89.36203	6197.903687000275
98	8654.544	149.39836	8868.125	8437.937	7535.3096	2693.174	9538.363	767.7567	1000.0	1000.0	490000	640.5891	135.48524	800.7145	-612.3463	640.5881	135.48326	803.0157	-537.6865	-643.7635	91.95065	6248.954255104065
99	8595.541	334.30252	9041.434	8093.7217	9281.443	199.36954	9668.564	9038.958	1000.0	1000.0	495000	643.4043	134.42755	808.60535	-373.5015	643.40326	134.43568	809.3783	-502.04688	-646.5512	93.91917	6307.101770877838
100	8807.959	94.600586	8962.455	8683.92	9336.817	160.91	9642.933	9113.718	1000.0	1000.0	500000	645.2028	134.356	806.8668	-385.0228	645.20154	134.3587	806.8458	-356.87616	-647.9694	89.51746	6363.853590965271
101	8786.662	179.2255	9081.993	8537.72	9152.688	221.88818	9519.439	8795.368	1000.0	1000.0	505000	647.3848	134.85396	812.8498	-527.7438	647.38434	134.85901	809.57666	-443.0383	-650.4979	87.19501	6417.663853883743
102	8699.895	320.89218	9065.482	8152.5835	9514.99	150.14687	9696.909	9260.276	1000.0	1000.0	510000	649.3936	135.4539	813.13043	-313.56198	649.3925	135.4555	812.69476	-319.4112	-652.0816	92.72081	6470.677519083023
103	8725.841	178.72653	8960.295	8539.873	9385.904	207.69655	9742.754	9090.211	1000.0	1000.0	515000	651.34705	135.243	815.6098	-379.90195	651.34485	135.24829	813.77985	-388.1617	-654.0523	92.7692	6528.7939648628235
104	9000.264	270.6167	9417.618	8582.711	9922.999	290.1061	10409.209	9442.349	1000.0	1000.0	520000	653.5386	134.47475	822.4678	-293.70465	653.53735	134.4825	824.2336	-282.54166	-656.4208	89.07556	6580.1588180065155
105	9133.575	183.21614	9419.406	8907.712	8385.607	2118.525	9821.876	3533.9329	1000.0	1000.0	525000	655.8164	133.45296	824.4048	-431.89813	655.81555	133.45276	819.2838	-474.34872	-658.8147	93.890564	6633.368105888367
106	9085.881	150.28496	9262.983	8896.287	9809.351	201.09305	10070.104	9470.455	1000.0	1000.0	530000	658.26373	132.94923	825.2078	-284.03333	658.263	132.9525	825.3576	-339.78125	-661.1894	89.6585	6685.39374089241
107	9316.437	179.66342	9620.44	9070.425	9800.289	135.85718	9999.552	9551.432	1000.0	1000.0	535000	660.473	132.42908	828.1522	-374.48938	660.4726	132.43143	827.3006	-368.33612	-663.4425	88.738235	6755.288540124893
108	7812.699	2414.453	9479.21	3059.4346	9855.716	202.8553	10145.846	9409.363	1000.0	1000.0	540000	662.02374	134.73482	834.977	-700.70514	662.02344	134.73512	836.227	-488.05133	-664.88654	100.75919	6832.396264791489
109	9033.159	266.88354	9245.755	8531.588	8667.102	2500.4897	10089.833	1743.7764	1000.0	1000.0	545000	664.27545	135.28175	847.4601	-481.9549	664.275	135.27893	842.1642	-433.62003	-667.179	99.65803	6904.754217863083
110	8307.191	1268.1516	9315.448	5843.1045	6659.8647	3395.9077	9850.515	379.67694	1000.0	1000.0	550000	665.88794	135.21013	837.80536	-410.5333	665.886	135.21457	834.1082	-438.8265	-668.6509	94.432175	6979.721647024155
111	9090.299	113.41386	9239.835	8949.9795	9181.494	196.74475	9531.912	8886.424	1000.0	1000.0	555000	667.6848	136.40633	845.68085	-265.7463	667.68396	136.40813	843.92737	-312.647	-670.57776	99.610466	7054.3168869018555
112	9098.207	286.49405	9533.61	8704.124	9744.987	175.139	9985.335	9388.363	1000.0	1000.0	560000	669.4044	136.92493	845.25116	-198.93678	669.4039	136.9245	843.21356	-157.75877	-672.4003	88.46427	7121.994520902634
113	8235.061	1682.7289	9301.815	4879.9053	8692.186	2294.0344	10408.269	3604.9116	1000.0	1000.0	565000	671.6184	136.41884	844.896	-195.0982	671.6173	136.4225	844.2518	-169.2074	-674.6208	90.10028	7202.688919067383
114	9438.268	243.05786	9702.223	9062.666	9255.721	2442.1865	10365.407	1959.5139	1000.0	1000.0	570000	673.7393	137.59166	851.5991	-244.73604	673.7384	137.59206	846.592	-291.30676	-676.5031	85.063896	7286.093400001526
115	8234.23	1766.8438	9640.127	4754.125	10010.479	119.83072	10238.776	9816.317	1000.0	1000.0	575000	675.95557	138.80428	850.36304	-321.26837	675.9555	138.80263	852.0115	-250.95686	-678.9573	95.18288	7365.089647054672
116	9476.257	99.55527	9616.346	9358.9795	8355.343	2171.889	9970.51	2918.784	1000.0	1000.0	580000	677.87244	140.15964	853.6559	-407.3653	677.87256	140.15417	853.7746	-261.9827	-680.4478	99.27156	7445.007155179977
117	9121.144	367.2657	9544.984	8571.162	10073.199	193.18816	10329.882	9810.413	1000.0	1000.0	585000	680.31836	139.90295	853.715	-348.3897	680.3175	139.90634	854.24646	-334.42383	-683.1769	102.15361	7524.772765159607
118	8797.864	1469.2916	9665.708	5864.869	9563.744	1445.1422	10334.891	5269.29	1000.0	1000.0	590000	681.78424	140.66301	855.13904	-324.83777	681.7835	140.66261	853.8633	-265.56213	-684.5106	114.79465	7601.638664007187
119	9166.225	325.37738	9463.142	8534.706	7423.343	3835.0122	10100.896	295.44403	1000.0	1000.0	595000	683.86334	139.3348	865.07355	-359.3955	683.8628	139.33694	859.7609	-401.86258	-687.1323	108.4122	7679.873971939087
120	9488.2705	472.05154	9882.273	8614.835	9065.556	1641.9487	9867.841	4163.3374	1000.0	1000.0	600000	685.87177	138.9063	863.10156	-207.80482	685.8711	138.90678	862.88324	-214.91537	-688.4599	99.890686	7758.658471107483
121	9339.25	179.15166	9538.168	9065.282	10022.856	165.94254	10245.599	9730.538	1000.0	1000.0	605000	688.0001	138.51598	862.6863	-296.63657	687.9987	138.51979	863.8526	-375.35574	-690.73505	103.52301	7835.0698800086975
122	9377.788	302.41718	9787.449	8900.364	9405.458	292.37848	9892.358	8952.473	1000.0	1000.0	610000	689.7571	137.98929	862.5323	-172.15855	689.75696	137.98984	864.94165	-130.68153	-692.8697	101.40919	7911.665081977844
123	9123.279	146.39464	9399.004	8982.268	10210.713	152.26802	10354.511	9800.165	1000.0	1000.0	615000	692.25635	137.77234	864.46436	-197.64162	692.25507	137.77538	868.05194	-266.5646	-695.3847	100.26827	7998.0350069999695
124	9398.801	440.77316	9846.458	8565.619	10474.741	308.6947	10739.712	9598.735	1000.0	1000.0	620000	694.1227	137.83725	881.2941	-317.63385	694.12177	137.84181	877.8766	-236.0626	-696.60254	98.31239	8100.871809959412
125	9346.505	279.1511	9694.913	8937.117	8138.6455	3706.614	10353.674	672.6587	1000.0	1000.0	625000	696.5901	138.07028	880.43146	-236.72334	696.5891	138.07184	874.01575	-228.7036	-699.548	101.706825	8198.601411104202
126	9484.849	199.5811	9862.599	9280.604	10170.411	123.22654	10348.637	9971.4	1000.0	1000.0	630000	698.8101	138.05132	885.8484	-254.49414	698.80884	138.05693	878.69354	-158.06676	-701.6338	97.56976	8300.40265417099
127	8293.416	1305.5944	9428.382	6361.276	9924.85	133.03749	10176.777	9720.175	1000.0	1000.0	635000	700.7763	138.28166	880.501	-213.33116	700.7759	138.2833	879.1321	-119.854774	-703.25977	103.84586	8397.017384767532
128	9659.584	202.47655	10005.781	9417.293	9412.915	1844.229	10216.0205	3889.347	1000.0	1000.0	640000	702.0288	140.07861	882.64734	-193.25505	702.0278	140.08214	885.25464	-188.40771	-705.051	102.71757	8495.012773036957
129	9342.019	244.9762	9666.95	8987.127	9944.285	164.37653	10255.363	9761.124	1000.0	1000.0	645000	704.2495	140.8785	887.0884	-188.92427	704.2489	140.88446	884.2308	-171.56676	-706.8175	97.97457	8596.034425020218
130	9200.307	315.02487	9514.821	8645.698	10067.222	1015.58777	10620.709	7078.55	1000.0	1000.0	650000	706.4243	140.19191	888.6416	-441.71222	706.42395	140.19151	891.48627	-289.7623	-709.3353	105.41484	8696.178061008453
131	9391.896	453.911	10047.526	8705.301	10028.447	111.315414	10260.34	9817.54	1000.0	1000.0	655000	708.2664	139.80225	884.7394	-185.61314	708.26544	139.80737	888.62317	-235.61472	-711.0113	105.97799	8796.388591051102
132	7910.1533	3295.1855	9786.11	1333.5076	8757.607	280.56015	9211.882	8260.79	1000.0	1000.0	660000	709.6033	140.89601	889.08563	-230.47801	709.6026	140.90038	891.7349	-258.37442	-712.5576	102.57542	8896.785981178284
133	9358.736	384.12103	9757.915	8797.652	10148.193	223.51784	10556.884	9822.053	1000.0	1000.0	665000	711.50635	141.77884	894.1045	-448.5859	711.5055	141.78468	892.0359	-399.67026	-714.5753	109.00636	8995.724833011627
134	9513.854	223.07704	9758.151	9103.093	10032.991	183.61633	10297.853	9748.801	1000.0	1000.0	670000	713.33154	141.89555	895.43994	-320.74002	713.3308	141.89659	893.0045	-279.54724	-716.41956	111.53325	9141.184081077576
135	9835.068	244.02385	10220.116	9552.805	10191.414	149.53821	10371.673	9908.186	1000.0	1000.0	675000	714.3262	142.01006	892.75104	-183.08434	714.3257	142.01248	892.73474	-197.39783	-717.52167	105.87445	9304.197751998901
136	7889.556	3282.7327	9687.54	1330.0372	8682.99	3153.3088	10641.248	1983.0242	1000.0	1000.0	680000	715.65045	143.67093	896.3655	-182.99022	715.64923	143.67363	894.64136	-167.42664	-718.2864	104.9399	9478.29138302803
137	8681.413	2265.441	10202.931	4182.717	10040.101	173.87569	10299.659	9668.726	1000.0	1000.0	685000	716.2349	145.09229	897.1948	-206.44006	716.23486	145.0922	898.07874	-156.2504	-718.76355	115.02338	9637.694213151932
138	9524.307	233.82123	9826.547	9299.838	10339.684	199.05508	10739.354	10089.735	1000.0	1000.0	690000	716.594	147.38564	899.7392	-154.63525	716.5924	147.38795	896.9906	-137.51175	-719.7193	117.2752	9799.504987955093
139	9549.336	222.62291	9886.932	9242.599	9893.167	156.94463	10054.471	9555.049	1000.0	1000.0	695000	717.6372	146.66318	894.97473	-204.64232	717.63605	146.66827	894.3984	-183.54887	-720.32153	125.00345	9963.33409500122
140	9466.776	336.7652	9796.967	9034.9375	10323.375	176.56207	10453.292	9822.374	1000.0	1000.0	700000	718.4996	147.23975	897.5749	-369.23233	718.49835	147.24127	892.8433	-212.92363	-721.4236	122.2243	10127.787806034088
141	9892.077	323.5392	10222.228	9283.889	10381.484	186.36792	10722.176	10147.999	1000.0	1000.0	705000	719.94806	147.19489	907.162	-322.77896	719.9472	147.20108	901.46936	-283.50665	-722.93933	119.18071	10283.986461162567
142	9506.569	341.0087	9980.354	9014.95	10660.331	158.20374	10818.996	10324.191	1000.0	1000.0	710000	721.47797	147.14146	900.2068	-227.68675	721.47736	147.14828	904.2221	-226.36559	-724.22815	117.24275	10455.635628938675
143	9913.31	197.14905	10141.631	9552.121	10231.393	234.41812	10496.136	9654.76	1000.0	1000.0	715000	723.68774	146.13814	903.6739	-248.29124	723.687	146.14091	904.74054	-286.65036	-726.7634	124.38155	10627.777038097382
144	9842.386	202.15309	10095.574	9483.009	10689.49	158.53639	10946.858	10494.669	1000.0	1000.0	720000	724.1358	147.05844	905.0187	-401.66348	724.1342	147.06311	911.07983	-304.9316	-726.78564	135.73428	10792.08061003685
145	9545.08	442.06583	10147.358	8872.613	10109.865	1260.176	10846.452	6383.19	1000.0	1000.0	725000	725.0958	147.24847	900.465	-163.35776	725.0943	147.25813	905.5195	-200.15901	-727.8277	119.21229	10955.744091033936
146	9558.048	165.30188	9762.425	9326.465	9621.4795	229.1915	10035.458	9278.427	1000.0	1000.0	730000	726.3265	147.41647	908.9715	-217.50648	726.3257	147.4258	908.2753	-254.93945	-729.4254	112.37685	11118.329845905304
147	8242.852	1873.7313	9782.207	4672.5083	10390.053	120.40851	10647.574	10155.603	1000.0	1000.0	735000	727.28687	148.75526	911.4985	-172.38498	727.28516	148.75826	909.53937	-222.27109	-730.1871	112.96981	11281.81544804573
148	8777.909	2293.7542	10101.986	4198.4434	9571.189	1593.3638	10386.504	4813.266	1000.0	1000.0	740000	728.66785	148.88925	911.0313	-256.74542	728.66754	148.89154	914.2423	-287.47556	-731.4766	121.41401	11447.753165960312
149	9675.68	60.963955	9755.049	9569.495	9399.225	2074.5557	10233.254	3186.9019	1000.0	1000.0	745000	728.57056	151.42438	910.51764	-149.32697	728.56854	151.43013	906.7773	-169.23431	-731.724	133.29344	11626.32134103775
150	9750.825	166.61081	10032.792	9586.672	9934.018	1356.0205	10833.257	6766.226	1000.0	1000.0	750000	730.26	151.17009	910.55457	-297.1068	730.25806	151.17981	912.72266	-221.86671	-733.274	130.56447	11791.103955984116
151	9857.65	126.7816	10066.572	9707.89	9938.028	1407.5261	10656.851	5772.961	1000.0	1000.0	755000	732.29034	150.01154	911.0573	-277.20724	732.2891	150.02051	909.46436	-338.5269	-735.2541	126.73398	11983.333112955093
152	9750.873	267.71234	10069.63	9324.618	10425.451	167.73363	10628.27	10074.333	1000.0	1000.0	760000	733.2923	151.0277	911.2008	-518.2226	733.29126	151.03331	910.3854	-532.1963	-736.4909	124.4968	12141.22703409195
153	8333.683	2564.7034	9823.478	3217.848	10010.456	167.67084	10326.472	9772.581	1000.0	1000.0	765000	734.3147	151.22682	912.1188	-187.14655	734.3131	151.23225	910.8924	-250.441	-737.1	122.56048	12289.521895170212
154	9390.891	981.7805	10395.731	7574.284	10390.948	167.8345	10625.605	10100.161	1000.0	1000.0	770000	734.4513	155.14919	912.45496	-344.28845	734.44965	155.16011	916.744	-290.70605	-737.6229	120.943726	12466.091595888138
155	9695.15	296.29086	10016.227	9162.697	10598.687	265.53015	11076.211	10148.214	1000.0	1000.0	775000	735.0339	155.91357	916.09515	-320.12604	735.03314	155.91563	919.9606	-339.47623	-738.0667	130.87466	12617.982607126236
156	9757.039	242.85858	10169.884	9463.849	10411.792	171.1347	10616.32	10116.26	1000.0	1000.0	780000	736.47125	155.17403	915.1291	-349.2355	736.4692	155.18153	911.54034	-295.72537	-739.2538	144.83592	12802.295171022415
157	9769.064	110.3754	9869.538	9558.668	10346.268	153.53273	10627.198	10125.97	1000.0	1000.0	785000	737.31866	155.62575	917.6877	-394.7677	737.3163	155.63823	915.3642	-447.20413	-740.6984	139.92307	12974.825550079346
158	9745.463	173.76361	9958.636	9487.0	10670.939	220.72137	10882.464	10248.827	1000.0	1000.0	790000	738.07196	156.00781	922.73016	-448.89838	738.06976	156.0193	916.53424	-539.5961	-741.0389	154.27718	13141.952816963196
159	9739.141	302.78296	10056.216	9175.077	9351.667	2750.247	10369.841	1103.0112	1000.0	1000.0	795000	739.9883	154.25061	914.43195	-215.04906	739.9865	154.25887	917.7742	-218.93019	-742.91595	136.95842	13306.891959905624
160	9971.86	162.71721	10166.512	9788.5	10567.838	132.89308	10785.53	10395.445	1000.0	1000.0	800000	740.746	153.95407	915.93634	-389.96222	740.7447	153.96	913.22516	-396.08633	-743.85864	139.11925	13468.919635772705
161	8940.019	1728.6073	9861.184	5485.414	9780.103	319.7806	10250.169	8966.817	1000.0	1000.0	805000	741.1488	153.87138	918.40643	-250.11462	741.14655	153.88121	918.9304	-262.88498	-744.5626	129.04068	13622.624720096588
162	8208.107	3015.5054	10114.797	2213.0586	10114.845	183.14217	10365.792	9704.081	1000.0	1000.0	810000	741.194	155.75345	918.65375	-368.96335	741.1928	155.76198	916.6858	-320.44556	-743.9712	139.88188	13764.407415866852
163	9944.928	274.0004	10333.1455	9576.425	10849.865	142.50517	11067.773	10567.793	1000.0	1000.0	815000	741.3048	157.90063	914.30096	-307.5082	741.30225	157.90738	915.546	-302.08798	-744.5279	141.07933	13921.34773182869
164	10002.818	230.88089	10437.503	9758.887	10180.416	502.45367	10728.265	8774.79	1000.0	1000.0	820000	742.12115	157.39902	922.6556	-312.4304	742.1193	157.40901	921.3285	-342.97867	-744.9825	150.62102	14109.277359962463
165	9552.121	234.52068	9924.834	9338.393	10466.219	228.95724	10745.103	9935.356	1000.0	1000.0	825000	743.6842	156.18634	925.4838	-433.48236	743.6829	156.19186	923.01776	-428.51093	-746.2973	143.30936	14273.867089033127
166	9929.134	377.57166	10274.327	9233.832	10459.936	196.59315	10645.574	10034.855	1000.0	1000.0	830000	744.4827	156.58034	927.7503	-387.3902	744.4814	156.58443	920.6426	-434.1996	-747.3605	139.56862	14441.845178127289
167	8382.577	2803.0596	10087.62	2798.0261	9494.676	1952.4147	10288.506	3648.8447	1000.0	1000.0	835000	745.28815	156.84357	925.96466	-318.4271	745.2849	156.8502	923.3033	-295.99414	-747.84955	146.16405	14611.369934082031
168	9931.518	223.27756	10290.098	9673.205	10579.791	163.06139	10893.849	10320.445	1000.0	1000.0	840000	745.27185	158.63033	922.73517	-493.684	745.27057	158.63892	930.33405	-398.64563	-748.1374	139.8517	14778.868431091309
169	9929.278	259.4376	10220.107	9527.916	10668.128	118.76645	10900.864	10527.306	1000.0	1000.0	845000	746.28436	157.83733	931.68054	-370.54504	746.2822	157.84152	931.5113	-326.11206	-749.1727	143.94873	14944.381598949432
170	9998.504	72.31749	10094.051	9893.31	10440.299	135.15346	10672.103	10207.404	1000.0	1000.0	850000	746.8464	158.05861	926.4235	-480.69348	746.8449	158.06342	925.5045	-429.80804	-749.67456	144.37418	15111.913704156876
171	8595.143	2484.513	10247.323	3654.7732	9547.927	2143.0955	10496.942	3150.9202	1000.0	1000.0	855000	746.7853	160.10977	930.48444	-478.9055	746.7822	160.12643	925.521	-482.3265	-749.2334	161.6313	15274.295945882797
172	9892.262	184.94653	10167.443	9672.338	9894.019	166.83363	10125.107	9520.143	1000.0	1000.0	860000	747.2239	159.86172	927.6924	-337.1067	747.22186	159.87161	927.236	-324.76062	-750.0964	143.49002	15448.343331098557
173	9891.799	477.4341	10282.703	8978.461	10328.33	199.88008	10689.081	10049.136	1000.0	1000.0	865000	747.857	160.02713	927.77673	-817.897	747.85583	160.03008	923.7973	-884.0953	-750.4976	134.66264	15631.274990081787
174	9777.945	265.9428	10167.351	9432.569	10408.021	172.39655	10588.15	9934.125	1000.0	1000.0	870000	748.4061	160.07115	921.60645	-287.47897	748.4035	160.07684	918.1636	-321.96582	-750.98846	134.51305	15796.135771036148
175	9773.275	356.58047	10184.632	9145.145	10336.232	945.47754	11009.194	7533.5605	1000.0	1000.0	875000	749.6744	160.31488	933.7541	-372.27106	749.674	160.31906	929.453	-450.11713	-752.681	150.6737	15985.606651067734
176	9791.014	154.51575	9987.304	9585.777	10610.81	233.5711	10986.267	10107.235	1000.0	1000.0	880000	751.1682	158.50484	926.1673	-271.65826	751.1653	158.51671	927.9388	-470.02164	-753.852	147.18324	16167.298514127731
177	9764.382	128.37254	9944.409	9571.177	10494.703	110.848564	10638.873	10262.823	1000.0	1000.0	885000	752.2302	157.94746	928.9925	-290.25424	752.2282	157.96248	932.0535	-300.28452	-754.89545	137.40207	16330.248690128326
178	9820.316	242.71774	10001.946	9356.17	10541.487	217.51607	10915.283	10128.423	1000.0	1000.0	890000	752.88116	157.36412	928.96796	-321.5189	752.87964	157.36647	928.6103	-341.95905	-755.714	146.97351	16485.389024972916
179	9938.855	139.27545	10213.136	9827.037	10183.972	131.39561	10334.058	9915.78	1000.0	1000.0	895000	753.804	157.6977	936.6515	-531.46985	753.80176	157.70497	934.45807	-445.9514	-756.5058	129.7821	16625.51028394699
180	9984.748	558.9524	10618.141	9106.111	10737.198	164.8742	11078.55	10481.912	1000.0	1000.0	900000	754.6824	157.87517	933.68774	-416.86606	754.68066	157.88655	931.7072	-390.37265	-758.0191	147.03656	16815.110508918762
181	10108.557	153.05939	10262.28	9818.762	9747.831	2178.1858	10868.914	3270.5632	1000.0	1000.0	905000	756.25586	156.98648	930.24774	-415.97098	756.25305	156.99063	929.5514	-388.17313	-759.56805	134.7772	16999.926803827286
182	9878.34	276.8	10332.708	9522.655	10636.973	157.31017	10952.712	10350.969	1000.0	1000.0	910000	757.25775	157.56892	934.21906	-340.00143	757.2566	157.58069	935.0187	-346.48166	-760.663	154.38315	17184.443330049515
183	10177.045	125.76778	10363.009	10030.612	10678.631	298.56818	11023.835	9982.123	1000.0	1000.0	915000	758.1597	156.7004	932.9619	-522.6563	758.1586	156.70341	933.72174	-515.2896	-761.5718	138.01622	17358.738739967346
184	9710.823	486.2429	10478.275	9163.613	10395.174	295.57236	10673.941	9560.819	1000.0	1000.0	920000	758.5179	157.53073	935.609	-367.14728	758.51575	157.54039	935.59564	-413.47784	-761.3063	135.4369	17515.33645606041
185	10109.947	251.74629	10511.653	9784.834	10591.112	186.39589	10963.752	10276.528	1000.0	1000.0	925000	759.912	157.74777	935.4307	-527.4077	759.91113	157.75775	934.31067	-414.2306	-762.7153	143.24232	17695.78717303276
186	9944.043	240.48749	10296.495	9585.911	10780.232	198.43182	11092.24	10507.061	1000.0	1000.0	930000	761.1635	157.71887	938.3217	-237.61105	761.16187	157.72223	937.78687	-271.846	-763.7771	135.13324	17845.56638097763
187	10056.987	451.6259	10448.461	9184.376	10635.169	512.05084	11144.554	9203.318	1000.0	1000.0	935000	762.2104	157.35202	942.722	-402.0195	762.208	157.35631	942.21326	-391.8781	-764.9444	139.0742	18005.664779901505
188	8513.346	3318.6736	10454.709	1883.2256	10222.734	210.71567	10499.884	9859.597	1000.0	1000.0	940000	762.3172	160.3395	937.0147	-390.8369	762.31616	160.34448	937.84015	-333.3054	-765.1116	131.35893	18206.817430973053
189	10083.588	137.40578	10306.0625	9901.2705	10362.011	215.69843	10630.472	9855.862	1000.0	1000.0	945000	763.9713	159.0542	940.6687	-400.9554	763.97076	159.0556	940.81433	-284.70227	-766.9572	150.31815	18393.96183204651
190	10143.459	279.1842	10613.319	9746.326	9583.908	311.8011	10148.523	8826.489	1000.0	1000.0	950000	764.6202	159.75899	947.39465	-423.13583	764.6175	159.77254	945.3997	-500.5263	-767.5467	153.30624	18579.949321985245
191	10038.432	583.7746	10733.085	9036.957	10802.169	149.91782	11104.608	10622.45	1000.0	1000.0	955000	765.78894	159.49138	945.5421	-554.903	765.7876	159.49411	939.6189	-528.43207	-768.9817	140.06358	18753.117304086685
192	9589.642	1102.9978	10427.246	7425.874	10317.769	1456.4764	11144.489	6031.3853	1000.0	1000.0	960000	767.17065	158.76663	946.2689	-317.17023	767.16943	158.76865	940.4493	-489.8748	-770.2194	153.16951	18918.836645126343
193	9814.309	289.75894	10299.015	9421.991	10795.959	115.19831	10941.209	10521.735	1000.0	1000.0	965000	767.3442	159.76883	944.30237	-541.75214	767.34247	159.7708	943.4853	-379.7242	-769.855	163.498	19085.308058023453
194	9507.033	806.7116	10299.554	7954.9785	10693.183	187.61856	11003.78	10404.768	1000.0	1000.0	970000	767.6643	159.50412	940.8369	-512.81226	767.6623	159.51039	944.1096	-489.7186	-770.7044	166.3292	19248.085383176804
195	10159.339	376.6841	10535.207	9442.519	10817.889	286.24612	11117.401	10084.626	1000.0	1000.0	975000	767.6684	159.34567	948.62714	-542.9209	767.6654	159.35849	941.0132	-632.8075	-770.4787	162.59653	19432.666278123856
196	10229.31	134.83296	10432.36	10007.162	10620.447	193.94157	10938.371	10309.538	1000.0	1000.0	980000	768.1512	158.45575	943.6144	-679.62695	768.1514	158.45079	940.6797	-744.0046	-771.3033	180.37355	19559.746964931488
197	9852.701	329.29236	10235.201	9253.489	10889.693	113.015854	11073.9	10721.366	1000.0	1000.0	985000	768.29175	158.83138	940.8037	-567.8728	768.2903	158.83981	941.8134	-810.23346	-771.3728	170.43225	19641.605544805527
198	9860.871	365.37396	10374.165	9439.484	9907.51	3087.9722	11446.64	675.351	1000.0	1000.0	990000	768.62445	157.85257	944.6758	-515.9733	768.6238	157.84946	945.18384	-608.2099	-771.4747	182.38722	19727.796003103256
199	10206.408	130.2006	10369.109	10014.244	10595.73	200.02931	11030.369	10316.299	1000.0	1000.0	995000	769.0765	157.3064	947.57227	-628.625	769.0738	157.31729	948.6366	-464.87027	-772.5348	168.42987	19810.150171995163
