Epoch	AverageEpRet	StdEpRet	MaxEpRet	MinEpRet	AverageTestEpRet	StdTestEpRet	MaxTestEpRet	MinTestEpRet	EpLen	TestEpLen	TotalEnvInteracts	AverageQ1Vals	StdQ1Vals	MaxQ1Vals	MinQ1Vals	AverageQ2Vals	StdQ2Vals	MaxQ2Vals	MinQ2Vals	LossPi	LossQ	Time
1	-311.68802	64.030594	-204.11032	-371.54956	-605.59485	3.5034275	-595.5707	-608.03674	1000.0	1000.0	5000	1.544519	2.5994256	14.392191	-10.890958	1.5449435	2.5971906	14.717179	-10.793372	-2.3807123	0.37358215	43.22552013397217
2	-271.70413	79.32724	-173.76115	-356.55972	-579.27765	21.964687	-543.15955	-625.22394	1000.0	1000.0	10000	6.559463	5.657398	34.090706	-14.251125	6.5588846	5.6552067	34.31393	-14.157984	-8.189619	0.9913993	88.4193983078003
3	-461.99307	150.80801	-247.57559	-641.29517	-74.0399	226.0657	276.20966	-528.99536	1000.0	1000.0	15000	13.940344	9.368177	55.542583	-13.119632	13.940196	9.366723	55.36637	-12.142665	-16.107655	2.4641736	128.390869140625
4	610.44	705.32996	1430.7764	-347.1472	145.67302	583.548	1191.5962	-444.46735	1000.0	1000.0	20000	20.032782	14.355375	69.18514	-11.63657	20.032625	14.353672	68.96923	-10.9645815	-21.972404	2.7800045	168.27357697486877
5	1050.0817	711.844	1965.9042	187.82121	1685.9283	785.6736	2447.5857	508.34976	1000.0	1000.0	25000	28.77276	20.419987	90.02109	-9.650704	28.772331	20.419207	89.99227	-8.822624	-30.439016	3.9323754	207.54743194580078
6	2672.8044	268.09073	3107.5334	2356.316	2822.213	233.9239	3060.387	2217.0645	1000.0	1000.0	30000	42.88514	30.37573	115.36489	-10.135682	42.884518	30.375422	116.34468	-10.374525	-44.9087	5.7047734	246.47891926765442
7	2888.95	196.96799	3138.424	2596.1736	3293.2207	55.722294	3400.4534	3233.2292	1000.0	1000.0	35000	62.87441	39.43047	141.1688	-11.6737585	62.873917	39.43068	140.91557	-11.173492	-65.00383	7.7715883	284.86891508102417
8	3314.4407	77.66598	3410.1167	3184.7642	3706.7383	73.38706	3845.2458	3618.591	1000.0	1000.0	40000	84.3109	47.656017	165.84549	-12.92954	84.31066	47.65655	165.9724	-11.196261	-86.48213	9.649418	322.2414391040802
9	3509.1406	88.365814	3631.4275	3405.7126	3718.4817	323.63898	4088.5918	2950.6711	1000.0	1000.0	45000	105.78251	54.411697	190.6845	-13.544395	105.78201	54.41271	192.45001	-13.631281	-108.03573	11.396906	360.34579825401306
10	3823.1333	198.8982	4163.6875	3586.126	4239.8564	135.8443	4549.0146	4044.553	1000.0	1000.0	50000	127.09942	59.69928	218.06024	-9.945612	127.098976	59.699818	219.58919	-9.820819	-129.41783	13.137884	399.7915053367615
11	3983.9146	102.05853	4076.1228	3788.1943	4115.107	230.53654	4367.799	3620.621	1000.0	1000.0	55000	148.17917	64.2484	244.38206	-7.0159287	148.17921	64.2485	244.61769	-8.110159	-150.6917	14.364967	439.03103017807007
12	4052.3953	300.4291	4373.713	3629.4424	4224.3477	851.2676	4674.854	1701.7793	1000.0	1000.0	60000	168.47173	67.741776	274.46872	-2.1858573	168.4716	67.74211	273.55222	-0.17949176	-171.0299	17.743353	477.38240909576416
13	4329.2217	164.60036	4580.139	4118.0273	3037.2222	1616.0945	4629.18	586.5416	1000.0	1000.0	65000	187.61247	71.72024	292.72244	2.169816	187.61244	71.7201	289.02542	1.3392136	-190.06328	20.28745	515.1787111759186
14	3670.8145	1881.4137	4755.9185	-83.00085	3755.475	1234.8906	4609.922	1035.2979	1000.0	1000.0	70000	202.18646	79.60038	312.1912	-30.4055	202.18628	79.600525	315.05133	-29.973248	-204.57452	22.394976	553.1049091815948
15	4327.84	266.67844	4575.559	3816.0603	4845.587	91.871346	5024.8867	4696.049	1000.0	1000.0	75000	218.4695	85.88995	335.10037	-49.020756	218.46997	85.889755	335.65167	-47.87299	-221.0468	25.500929	605.3794372081757
16	4793.9507	212.43756	5047.685	4425.824	4509.2803	218.29625	4847.585	4074.1875	1000.0	1000.0	80000	234.0276	91.36589	347.48645	-59.88881	234.02834	91.36454	348.62283	-60.156807	-236.27483	27.076912	695.5034301280975
17	4951.499	358.1878	5331.917	4511.459	5212.073	90.78278	5378.9614	5089.134	1000.0	1000.0	85000	249.24855	95.86864	366.70663	-65.45727	249.24936	95.86712	366.21072	-85.821976	-251.88495	28.416756	806.2802631855011
18	5175.768	176.74979	5395.8516	4886.073	4999.331	662.356	5488.776	3054.3003	1000.0	1000.0	90000	264.9488	99.2796	380.4826	-60.60285	264.9496	99.27651	378.5686	-57.80269	-267.68225	28.565266	897.3027310371399
19	5295.082	240.71376	5566.2734	4924.5396	6003.2886	100.36239	6130.7446	5800.478	1000.0	1000.0	95000	280.25095	102.53218	411.09375	-75.17203	280.25162	102.52962	410.1829	-71.548325	-282.6631	31.828756	988.3964982032776
20	5636.6045	310.4406	5947.1445	5079.4634	4770.158	1543.5242	5700.6763	417.272	1000.0	1000.0	100000	295.26767	106.27784	425.82486	-72.35392	295.26895	106.27515	426.29175	-77.976425	-297.81094	33.480545	1087.4500532150269
21	4630.925	1596.8278	5478.8384	1438.8754	6466.9507	99.9316	6633.4043	6290.6753	1000.0	1000.0	105000	309.8058	110.26708	448.84015	-85.60283	309.80734	110.265015	451.07315	-105.19852	-312.51566	37.535492	1196.066022157669
22	5824.327	350.07782	6118.5923	5139.6636	6814.1826	68.07611	6946.315	6729.8853	1000.0	1000.0	110000	321.7449	116.9866	459.42587	-107.14039	321.74545	116.98251	460.57037	-124.843056	-324.65204	41.454067	1294.130874156952
23	6057.1885	137.53314	6237.4487	5904.8525	5789.2866	1938.7731	6652.9814	-15.321437	1000.0	1000.0	115000	335.98373	120.42979	473.2557	-116.574356	335.9856	120.42442	471.36243	-110.8416	-338.6588	40.87773	1376.088433265686
24	6048.2725	147.5553	6274.299	5848.748	6641.8228	81.99257	6728.8794	6465.293	1000.0	1000.0	120000	349.52786	123.11385	483.07825	-126.7272	349.52902	123.10962	485.60452	-131.39711	-352.56473	40.4717	1456.353651046753
25	6079.35	257.4616	6536.3813	5779.053	5605.95	467.24213	6182.294	4741.9067	1000.0	1000.0	125000	362.6095	125.31672	497.73434	-124.90208	362.6118	125.31144	496.89337	-123.60463	-365.4553	40.267487	1541.3125331401825
26	6095.3896	324.71664	6543.078	5576.546	6363.536	79.07961	6451.486	6212.1714	1000.0	1000.0	130000	374.97455	126.66989	506.76147	-115.56149	374.9756	126.66628	505.38275	-118.96814	-377.985	40.66008	1637.7840881347656
27	6215.16	264.24426	6517.852	5813.404	6754.9287	78.21808	6875.8364	6636.0864	1000.0	1000.0	135000	386.9851	126.95024	515.3366	-127.00728	386.98627	126.94682	513.6581	-121.531715	-390.3226	40.695526	1734.3693692684174
28	6239.622	80.96185	6351.481	6103.0664	5317.144	1759.4786	6248.9287	71.066895	1000.0	1000.0	140000	398.92422	126.760826	523.6255	-122.04306	398.92526	126.7572	523.8737	-128.1468	-401.8777	39.315907	1821.3834102153778
29	6111.04	151.67845	6337.7583	5933.555	7082.169	54.342873	7178.1553	6979.451	1000.0	1000.0	145000	409.18884	127.65117	531.6522	-133.59476	409.1896	127.648415	531.50214	-132.26472	-411.91226	39.63841	1914.7788422107697
30	6555.8867	121.03789	6693.8926	6370.282	6875.837	77.31582	7045.874	6761.1714	1000.0	1000.0	150000	419.14005	127.481895	538.04193	-137.07057	419.14072	127.479	542.5787	-185.89021	-422.0968	40.3587	1998.6272141933441
31	6502.554	164.90437	6716.0596	6286.3516	6537.6475	103.30466	6713.4453	6399.8853	1000.0	1000.0	155000	428.15967	128.51277	553.526	-144.7392	428.16092	128.50865	552.48724	-148.83376	-430.9985	40.265114	2082.2862741947174
32	6370.1924	325.51038	6672.391	5755.759	6974.581	58.15731	7085.2363	6899.61	1000.0	1000.0	160000	437.7277	128.26906	561.10803	-167.33408	437.72876	128.2648	561.7377	-135.01178	-440.8347	40.694317	2164.7004799842834
33	6640.8164	172.70047	6834.28	6319.5073	7199.038	146.44987	7427.2954	6974.2637	1000.0	1000.0	165000	446.2593	129.15106	567.3357	-129.77917	446.2605	129.14626	566.73376	-137.01208	-448.98526	41.185444	2248.3282523155212
34	6731.6147	273.62103	6986.382	6200.565	6573.7983	110.62533	6735.127	6325.7456	1000.0	1000.0	170000	454.98352	129.55373	578.7652	-142.77673	454.98413	129.5522	580.40204	-135.72461	-458.04034	42.23919	2333.6217579841614
35	6714.8984	336.96603	7257.6333	6299.561	5933.5195	543.36206	6414.3174	4387.6025	1000.0	1000.0	175000	463.27136	129.8278	585.7471	-122.240685	463.27264	129.82248	585.67096	-130.86938	-466.3134	41.34825	2434.603476047516
36	6743.3813	321.30548	7088.1035	6137.396	7437.4463	92.34665	7622.4263	7309.289	1000.0	1000.0	180000	470.98206	130.60202	593.1505	-134.4841	470.98288	130.5974	595.0487	-141.46115	-473.7733	43.06313	2530.159688234329
37	6835.237	242.43086	7139.465	6487.116	7242.297	121.31446	7404.9404	7036.2637	1000.0	1000.0	185000	478.48965	131.08641	600.5132	-142.66579	478.4903	131.08238	602.16077	-157.29677	-481.3071	44.473133	2624.1728372573853
38	6280.8804	1189.3303	7208.1895	3987.0535	7564.7764	126.65107	7765.4453	7359.6494	1000.0	1000.0	190000	484.64645	133.82991	613.01605	-146.20358	484.64774	133.82538	612.2311	-149.53702	-487.4027	44.36242	2725.351398229599
39	7033.4272	260.89517	7301.0107	6574.994	7329.329	101.94169	7476.6343	7166.6206	1000.0	1000.0	195000	492.09186	134.48465	617.5649	-154.13469	492.09338	134.47818	618.15204	-123.54065	-494.7061	44.802147	2809.330868959427
40	6871.5015	130.02599	6995.3506	6621.705	7568.828	138.41957	7726.028	7299.7446	1000.0	1000.0	200000	498.93805	135.48114	623.8238	-202.24672	498.93893	135.4764	622.66376	-170.35356	-502.0445	45.33487	2891.5873260498047
41	7050.018	245.6662	7310.592	6721.286	7298.496	105.741646	7447.841	7119.0986	1000.0	1000.0	205000	506.30087	134.56726	627.67896	-210.51208	506.30133	134.56311	627.4901	-190.37984	-509.13995	45.119816	2980.3008980751038
42	7026.788	180.66393	7281.1816	6800.1113	7479.447	127.18245	7644.6924	7295.7583	1000.0	1000.0	210000	511.86502	135.7992	631.6485	-180.10693	511.86636	135.79372	632.58057	-182.974	-514.7714	45.999123	3067.914293050766
43	7065.8516	199.02216	7362.3584	6877.295	7639.807	85.51083	7740.957	7480.3213	1000.0	1000.0	215000	518.13916	135.45012	637.37317	-221.52585	518.1397	135.44655	638.0291	-193.614	-520.94	46.48268	3154.985468149185
44	6990.448	241.29788	7184.371	6559.912	7480.5625	70.83247	7603.447	7347.2285	1000.0	1000.0	220000	523.92377	135.10164	644.3853	-178.81479	523.92487	135.09685	643.23676	-197.77658	-526.748	45.911304	3245.2585122585297
45	7211.1157	154.88052	7405.8755	6985.7637	7714.482	108.35843	7854.7124	7474.033	1000.0	1000.0	225000	529.4182	134.92535	646.41315	-236.62389	529.419	134.9215	648.0607	-232.17679	-532.38904	46.974274	3333.3586843013763
46	6999.87	191.06111	7176.556	6653.1587	7743.091	150.6965	7939.776	7500.95	1000.0	1000.0	230000	534.6418	134.9446	651.237	-197.9978	534.6426	134.94048	650.93225	-194.81049	-537.813	45.954487	3434.148339986801
47	7296.0913	242.33838	7603.679	6952.2983	6970.4897	129.70076	7227.9688	6791.8105	1000.0	1000.0	235000	539.8704	134.12048	664.51276	-187.84041	539.8714	134.11655	664.27905	-282.37097	-542.78033	45.210567	3524.6394350528717
48	7207.552	313.14655	7513.2686	6628.1694	7096.9805	133.98907	7389.081	6949.564	1000.0	1000.0	240000	544.89185	133.5059	671.2244	-167.89198	544.8925	133.50128	668.65063	-176.99756	-547.7422	45.830894	3610.6498692035675
49	7175.4985	230.44226	7522.739	6903.329	8313.047	111.659454	8466.927	8109.0825	1000.0	1000.0	245000	549.5321	132.49545	670.2426	-231.01352	549.53314	132.49088	671.48395	-204.17949	-552.0592	45.595177	3709.032117128372
50	7388.151	168.22243	7560.111	7183.971	7505.081	69.47531	7636.73	7379.475	1000.0	1000.0	250000	554.0784	131.98436	676.1929	-167.02982	554.07904	131.97961	675.9783	-217.94754	-556.9319	44.84843	3792.263602256775
51	7476.1445	186.34004	7711.656	7201.9805	8013.746	92.1473	8110.4717	7801.735	1000.0	1000.0	255000	558.47864	131.45291	676.42834	-175.12315	558.4794	131.44922	676.68115	-187.3897	-561.10754	44.47938	3877.176681995392
52	7547.6313	158.63806	7777.885	7357.957	7978.3384	130.85008	8152.2773	7784.6777	1000.0	1000.0	260000	562.51587	130.64728	683.946	-155.18166	562.51636	130.64305	683.3747	-170.39098	-565.2356	43.513626	3972.268133163452
53	7539.589	136.9367	7765.7407	7381.3765	7955.12	173.97797	8146.873	7528.7563	1000.0	1000.0	265000	566.7362	129.65913	684.48065	-202.57614	566.73663	129.6563	686.5441	-190.25603	-569.1941	44.034676	4053.4341440200806
54	7412.083	233.87125	7606.2	7035.3623	7825.6865	247.76761	7993.492	7110.334	1000.0	1000.0	270000	570.50433	129.56209	686.1409	-212.61359	570.5052	129.55856	688.29395	-193.4694	-573.074	44.156796	4136.562880039215
55	7621.8774	138.74542	7795.6655	7383.943	7671.5107	90.07245	7831.302	7564.8804	1000.0	1000.0	275000	575.0012	128.38947	690.02313	-192.23589	575.0013	128.3861	690.74744	-212.16867	-577.431	44.22073	4240.75297832489
56	7702.4424	203.33276	8090.339	7507.6797	7913.1943	92.58092	8040.3394	7705.4824	1000.0	1000.0	280000	578.8065	128.41138	696.9315	-154.86568	578.80707	128.40916	694.9732	-157.71635	-581.4206	43.644936	4340.3890812397
57	7529.2236	243.95267	7751.5034	7067.2036	7292.7295	43.82872	7389.127	7236.3516	1000.0	1000.0	285000	583.0971	127.47592	697.5532	-164.24852	583.09766	127.473145	695.55554	-155.52147	-585.4826	45.288662	4428.551231145859
58	7621.711	259.9273	7870.1255	7159.289	8277.062	79.51323	8394.106	8144.044	1000.0	1000.0	290000	586.9637	127.08221	699.35944	-174.41225	586.9639	127.07903	699.20197	-161.3861	-589.87054	45.313046	4520.456382989883
59	7754.911	58.883545	7860.2793	7680.648	8318.345	103.182236	8500.034	8073.408	1000.0	1000.0	295000	590.0925	127.33487	703.8818	-139.54126	590.0933	127.33111	705.0567	-135.03625	-592.5806	46.179974	4610.975250244141
60	7803.8516	235.1325	8017.177	7415.744	8300.249	102.35482	8467.977	8130.025	1000.0	1000.0	300000	593.9141	126.34115	709.63043	-195.78719	593.91425	126.33844	710.02747	-194.12898	-596.9633	45.593292	4698.917446136475
61	7894.833	239.79048	8131.76	7438.76	8372.098	56.844845	8495.021	8270.107	1000.0	1000.0	305000	597.31586	126.5441	708.65045	-171.98244	597.316	126.54126	709.9795	-166.80606	-599.8812	45.239017	4787.065087080002
62	7878.956	177.00554	8093.077	7588.999	8610.38	83.86142	8757.259	8487.502	1000.0	1000.0	310000	601.0332	126.01106	711.6268	-183.79126	601.0336	126.00672	712.8286	-211.19395	-603.6261	45.857918	4890.11625123024
63	7880.9736	209.5287	8130.595	7631.743	8356.982	64.10105	8491.653	8265.408	1000.0	1000.0	315000	604.2543	126.36138	716.7287	-174.81023	604.2551	126.35783	717.1819	-147.41469	-606.7482	45.777306	4972.279665231705
64	7888.358	128.21095	8036.5757	7682.5767	8510.161	98.03831	8683.881	8341.543	1000.0	1000.0	320000	607.8709	125.73347	719.524	-155.04245	607.87103	125.73048	720.04767	-163.50648	-610.2053	45.771847	5078.4252140522
65	7971.617	114.43295	8061.88	7756.302	8528.388	88.25079	8682.935	8386.791	1000.0	1000.0	325000	611.26184	124.85021	718.4671	-182.38136	611.2621	124.84748	721.50684	-194.9892	-613.6907	46.3697	5180.027810096741
66	8086.926	156.77588	8309.665	7910.055	8696.623	116.2163	8869.481	8571.813	1000.0	1000.0	330000	614.07074	125.41652	725.03424	-173.71156	614.0711	125.41369	723.92065	-178.60944	-616.2418	45.52006	5270.4115290641785
67	8091.0146	121.561775	8187.663	7864.204	8296.812	82.88118	8424.65	8188.219	1000.0	1000.0	335000	617.10004	125.791824	727.9982	-159.10727	617.10046	125.78926	729.85834	-133.5738	-619.3178	45.34137	5355.445949316025
68	8084.436	133.12022	8256.686	7871.7695	8630.472	77.85022	8754.992	8524.34	1000.0	1000.0	340000	620.5772	125.346214	733.92206	-182.24269	620.5769	125.34443	732.5021	-158.33359	-623.3516	44.786064	5444.972001075745
69	8074.814	68.76171	8190.701	7998.4976	8588.365	93.02933	8716.401	8386.126	1000.0	1000.0	345000	623.792	124.49673	734.24963	-153.06633	623.79254	124.49375	733.40533	-147.74141	-626.1757	46.498806	5541.4271812438965
70	8029.5845	114.44657	8200.896	7888.5767	8586.505	91.713066	8735.659	8413.261	1000.0	1000.0	350000	626.6114	124.78286	738.35114	-131.8032	626.61145	124.778915	738.88153	-173.85695	-629.2708	46.183212	5628.553437232971
71	8078.9326	134.1817	8282.846	7941.4585	8713.764	113.05147	8843.028	8476.627	1000.0	1000.0	355000	629.64746	124.11698	739.06323	-156.00247	629.6477	124.114586	739.6611	-148.0062	-631.9643	45.04428	5720.813173055649
72	7897.875	169.21976	8111.74	7668.7275	8500.395	110.05666	8626.447	8314.546	1000.0	1000.0	360000	632.0451	124.03481	745.9683	-116.84456	632.04535	124.03213	743.92426	-134.87033	-634.3645	45.421227	5811.045275211334
73	8194.598	208.41167	8398.844	7911.356	8563.822	73.98052	8674.098	8452.579	1000.0	1000.0	365000	634.5309	124.55393	744.8414	-144.43655	634.531	124.55308	744.38684	-123.86501	-636.862	45.30993	5901.358187198639
74	8153.13	138.01236	8350.194	7922.2163	8487.698	121.04731	8695.979	8351.016	1000.0	1000.0	370000	637.7436	123.336105	748.3943	-119.51996	637.74426	123.33286	747.4409	-133.67615	-640.1801	45.38814	5992.665452003479
75	8126.4424	155.82413	8252.06	7821.6123	8578.241	162.76036	8806.156	8294.719	1000.0	1000.0	375000	639.8917	124.02387	750.7328	-121.72661	639.8919	124.02152	750.57587	-123.484184	-642.1618	46.25369	6096.060133218765
76	8168.349	133.61633	8394.925	7990.3853	7765.517	296.58505	8214.46	7159.8325	1000.0	1000.0	380000	642.36646	123.47329	751.89636	-114.662865	642.3667	123.47221	751.2907	-128.37202	-645.1413	45.745045	6185.465603113174
77	8187.056	311.4302	8451.395	7577.756	8652.693	81.592674	8812.216	8544.782	1000.0	1000.0	385000	645.21844	121.921555	751.401	-114.96547	645.21857	121.9185	751.5672	-113.46661	-647.9169	45.705704	6270.2816162109375
78	8196.404	181.46956	8464.578	7979.8975	8878.736	92.07944	8991.726	8717.883	1000.0	1000.0	390000	647.58276	121.638435	754.23376	-93.753044	647.5829	121.63687	754.64417	-101.24116	-649.9672	44.67896	6368.896559238434
79	8341.39	153.23236	8500.934	8066.0396	8381.463	69.65155	8500.312	8281.317	1000.0	1000.0	395000	649.81604	121.418396	758.2871	-124.04365	649.81616	121.414825	756.81213	-139.95273	-652.234	46.256023	6458.363172292709
80	8247.242	94.08605	8393.06	8151.2686	8480.581	153.64165	8691.009	8277.486	1000.0	1000.0	400000	651.97314	122.27151	760.5445	-131.43408	651.9739	122.268295	761.2977	-96.863655	-654.3173	44.862957	6554.72784614563
81	8327.617	197.23206	8539.043	7960.141	8502.157	75.77734	8585.042	8381.56	1000.0	1000.0	405000	654.1112	122.04427	759.87317	-113.07061	654.1116	122.04135	760.99457	-100.66329	-656.5817	45.163334	6642.540945291519
82	8239.531	130.77104	8473.619	8085.4375	8854.872	80.70595	9009.609	8710.929	1000.0	1000.0	410000	656.22345	121.35238	764.5076	-112.98262	656.2235	121.35036	765.0635	-112.034134	-658.75397	46.907673	6728.714893102646
83	8363.559	230.38126	8608.495	7974.316	9014.209	91.91159	9105.862	8835.675	1000.0	1000.0	415000	657.98425	122.15293	764.3276	-140.67166	657.98444	122.15058	768.0605	-146.65936	-660.6441	47.0311	6823.328799009323
84	8394.193	170.2683	8642.29	8130.8804	8438.496	101.992256	8589.47	8243.024	1000.0	1000.0	420000	659.98346	121.829414	766.7045	-130.52162	659.98334	121.82694	765.2722	-118.30863	-662.29376	47.26913	6908.67268204689
85	8341.88	158.13472	8566.373	8120.3496	8900.641	68.095345	9031.056	8785.222	1000.0	1000.0	425000	662.38165	121.22083	770.99664	-115.18965	662.38226	121.218575	774.7858	-132.77019	-665.1553	46.39145	7007.118439912796
86	8451.952	123.125694	8619.169	8271.97	8561.034	140.37027	8766.286	8303.167	1000.0	1000.0	430000	664.22864	122.304474	782.4361	-112.49337	664.2284	122.30283	779.7052	-107.5615	-666.3518	47.456142	7106.830098152161
87	8422.14	110.264534	8585.776	8255.575	8597.733	176.65674	8817.895	8268.179	1000.0	1000.0	435000	666.8263	121.56361	776.20636	-141.104	666.8271	121.56137	779.63446	-194.13042	-669.2662	48.132824	7193.185141086578
88	8316.787	209.18759	8580.1875	8038.6143	8750.8125	78.13977	8857.199	8564.856	1000.0	1000.0	440000	668.9182	122.31826	778.3752	-159.97621	668.91864	122.31642	779.4252	-160.21483	-671.59204	47.370533	7282.09396314621
89	8093.7524	213.99298	8488.114	7908.2427	8908.015	78.09701	9010.073	8744.747	1000.0	1000.0	445000	671.1373	121.60819	781.79443	-140.66296	671.1372	121.60496	779.9049	-135.94687	-673.56244	47.63469	7372.353809118271
90	8412.955	133.32834	8585.066	8225.082	8862.047	56.839314	8975.686	8782.82	1000.0	1000.0	450000	673.3106	121.17568	783.5299	-178.70738	673.311	121.1704	782.842	-173.67105	-676.0097	49.254242	7469.247495174408
91	8316.022	154.37215	8503.852	8115.2227	9006.041	89.39033	9178.98	8875.578	1000.0	1000.0	455000	675.38	120.07676	783.0708	-169.16838	675.38025	120.0743	788.6171	-172.78296	-677.6799	47.566593	7555.179076194763
92	8425.183	72.49097	8503.893	8308.633	8975.022	141.66125	9183.316	8674.189	1000.0	1000.0	460000	676.88904	120.45036	785.97076	-186.55528	676.8891	120.44713	784.03796	-148.35158	-679.4726	48.089287	7644.241609096527
93	8465.873	207.88986	8693.069	8091.206	9128.455	104.95316	9301.438	8996.357	1000.0	1000.0	465000	678.421	120.79891	787.05853	-186.13748	678.4216	120.79569	787.4044	-147.96294	-680.8416	48.117756	7738.973246097565
94	8392.799	189.05797	8626.022	8052.6465	9054.47	73.2386	9156.702	8939.936	1000.0	1000.0	470000	680.0519	120.708145	787.377	-136.08226	680.0522	120.70539	788.6442	-133.08177	-682.5861	47.55637	7827.357789993286
95	8552.757	171.64851	8774.341	8305.354	8469.004	845.86084	8891.658	5957.542	1000.0	1000.0	475000	681.8733	120.774055	787.473	-267.85425	681.8738	120.77108	787.84015	-139.9272	-684.2521	46.88545	7925.045403242111
96	8512.026	123.69234	8650.585	8326.7	8899.036	76.869064	9096.752	8829.607	1000.0	1000.0	480000	683.5426	120.341736	790.6833	-171.00894	683.5431	120.336494	789.79706	-153.23625	-686.149	47.207573	8019.90515422821
97	8724.749	113.76954	8842.371	8512.984	8886.115	120.06369	9053.976	8700.832	1000.0	1000.0	485000	685.5718	119.41799	792.47156	-166.82722	685.572	119.417946	791.87115	-177.69463	-687.781	46.819767	8109.667217254639
98	8471.642	135.78038	8632.424	8293.962	9090.024	133.80399	9316.482	8791.336	1000.0	1000.0	490000	687.12354	119.426125	793.87067	-158.97499	687.12384	119.423515	792.6684	-162.39513	-689.1752	46.91428	8198.249345064163
99	8538.574	171.92676	8729.049	8213.802	8966.306	71.6328	9096.562	8852.759	1000.0	1000.0	495000	688.46533	119.00732	794.82947	-137.46744	688.4655	119.0033	794.93353	-139.87044	-691.0318	45.996258	8286.095484256744
100	8513.872	106.75012	8632.226	8331.027	9029.422	137.24065	9230.976	8836.505	1000.0	1000.0	500000	690.43274	118.847496	796.91907	-161.11534	690.4335	118.84543	797.5186	-133.75871	-692.7131	46.596966	8373.507852077484
101	8675.3	161.40552	8795.872	8362.004	8511.328	213.37744	8772.118	8124.8906	1000.0	1000.0	505000	692.23267	118.156425	797.3749	-145.6086	692.23315	118.153786	800.25287	-151.97575	-694.719	45.905888	8466.098556280136
102	8513.865	74.5732	8574.495	8371.074	8014.175	1708.6366	8811.025	2901.4363	1000.0	1000.0	510000	693.54065	118.45753	800.5222	-163.51724	693.5407	118.45315	797.0933	-143.80588	-695.6674	47.99332	8553.312319993973
103	8558.033	213.44249	8854.159	8258.433	9097.836	86.98401	9226.74	8899.355	1000.0	1000.0	515000	695.27637	117.74107	799.8143	-190.24864	695.2767	117.73728	800.5062	-139.81978	-697.7016	47.96794	8645.998886346817
104	8708.506	205.9177	9048.918	8449.865	8743.975	105.51459	8972.219	8616.908	1000.0	1000.0	520000	697.0083	117.31425	801.136	-172.62585	697.0082	117.312874	800.35406	-158.9511	-699.3293	46.61793	8731.37178015709
105	8433.412	333.6036	8826.583	7947.8057	9209.946	120.345184	9404.933	9016.034	1000.0	1000.0	525000	698.4973	117.64977	805.2361	-191.72417	698.49744	117.64912	803.3767	-200.10323	-700.8703	48.11258	8829.525209188461
106	8485.311	190.99629	8703.863	8275.169	9098.139	110.24045	9241.333	8858.88	1000.0	1000.0	530000	700.1912	116.34139	807.34827	-168.3047	700.1914	116.33951	806.0831	-162.07108	-702.4012	46.808125	8922.819602251053
107	8572.525	135.07657	8742.708	8381.102	9041.146	87.94353	9189.05	8875.584	1000.0	1000.0	535000	701.68036	116.57017	807.1843	-197.46542	701.6807	116.56934	806.99347	-164.05655	-704.2494	46.70635	9016.876779079437
108	8533.534	108.50024	8657.398	8381.132	9301.887	85.30956	9399.639	9114.05	1000.0	1000.0	540000	703.02795	116.07319	807.10724	-128.36923	703.0281	116.06854	809.354	-114.575134	-705.3148	47.038593	9105.064512014389
109	8713.51	97.05583	8843.859	8559.304	9246.673	68.48133	9365.04	9144.96	1000.0	1000.0	545000	704.56476	115.29425	808.89716	-175.95924	704.56494	115.29294	806.1039	-153.61226	-706.7267	47.79557	9210.566303014755
110	8606.84	125.99338	8756.371	8470.191	8968.029	88.16753	9078.752	8761.755	1000.0	1000.0	550000	705.3112	116.58526	808.59753	-201.76988	705.3109	116.58267	808.6991	-187.62802	-707.5619	49.110317	9312.981740236282
111	8542.175	130.71242	8769.866	8391.833	8931.87	194.80594	9204.264	8642.579	1000.0	1000.0	555000	706.6635	116.246826	812.73895	-185.37657	706.6642	116.24293	810.9656	-199.79791	-709.0949	47.7582	9406.884924173355
112	8778.775	147.79482	9013.528	8563.03	8818.105	73.42873	8961.634	8703.888	1000.0	1000.0	560000	707.6801	116.08336	812.5797	-182.3108	707.68	116.08155	810.9099	-183.7421	-709.996	48.267414	9498.186264038086
113	8529.825	220.96976	8780.284	8216.319	9096.797	104.93866	9273.22	8907.777	1000.0	1000.0	565000	709.526	114.56698	811.0155	-200.01869	709.52625	114.56339	811.80225	-177.24628	-712.0346	46.902576	9584.819397211075
114	8806.597	174.38216	9035.4375	8547.559	9054.178	78.82138	9168.556	8875.268	1000.0	1000.0	570000	710.75305	114.7256	812.38385	-114.34379	710.75354	114.72294	813.5693	-96.59842	-712.63293	47.33903	9684.26023221016
115	8697.607	187.73273	8988.769	8395.372	9011.15	99.95529	9144.781	8800.618	1000.0	1000.0	575000	712.5498	113.86355	816.04083	-107.421776	712.5496	113.862816	814.36237	-120.51015	-715.1753	47.148075	9773.45658493042
116	8794.106	206.16812	9054.901	8507.818	9394.412	98.21946	9574.1	9240.54	1000.0	1000.0	580000	713.60443	114.7435	815.024	-184.07658	713.60474	114.73925	817.44727	-166.21165	-716.1162	47.700085	9861.100855112076
117	8690.464	60.228672	8790.583	8620.166	9026.029	134.11336	9251.191	8776.195	1000.0	1000.0	585000	714.72876	114.27607	816.5587	-110.13539	714.729	114.27321	814.08795	-128.87924	-716.95483	46.944855	9954.399952173233
118	8745.376	151.25877	8926.144	8467.942	9446.174	115.47735	9575.269	9196.007	1000.0	1000.0	590000	716.11206	113.773476	816.1092	-110.443794	716.11237	113.77048	814.8857	-104.84258	-718.2885	46.103943	10060.513906240463
119	8827.15	88.01727	8930.296	8702.676	9227.056	58.575047	9348.841	9145.187	1000.0	1000.0	595000	717.48004	113.08592	817.61505	-101.135056	717.48035	113.08513	819.75415	-115.23354	-720.2275	46.172523	10157.983314990997
120	8784.964	134.01357	9040.71	8673.55	9075.252	100.28394	9293.846	8947.634	1000.0	1000.0	600000	718.75446	113.42551	819.8947	-115.55468	718.75464	113.42201	820.4486	-117.9573	-721.03937	46.46164	10254.499463319778
121	8814.205	196.00594	9073.746	8595.139	9444.4795	70.08286	9539.49	9312.716	1000.0	1000.0	605000	719.98914	113.790375	828.8582	-133.89684	719.9898	113.786385	827.0225	-110.896126	-722.2925	46.043964	10351.366516113281
122	8839.406	123.89117	8985.951	8623.278	9132.604	59.312527	9251.3	9047.722	1000.0	1000.0	610000	721.56213	112.77174	826.2876	-131.58795	721.5618	112.77171	822.97705	-175.00127	-723.97	46.023464	10449.406774044037
123	8766.529	200.32205	8996.735	8457.969	9438.317	79.58707	9568.974	9239.755	1000.0	1000.0	615000	722.9684	113.76617	829.0986	-117.11825	722.96875	113.76356	829.41766	-118.72051	-725.4392	46.0098	10542.928727149963
124	8903.561	92.772194	9002.101	8769.473	9357.438	118.643875	9522.347	9150.608	1000.0	1000.0	620000	725.0895	112.28278	832.309	-100.37593	725.0895	112.28178	834.63245	-112.229225	-727.3313	45.791363	10632.114772081375
125	8870.981	105.31339	8975.641	8689.313	9389.346	78.73724	9518.388	9284.384	1000.0	1000.0	625000	726.30707	112.35079	829.93567	-147.99211	726.30743	112.3485	830.534	-137.51974	-728.5605	45.957874	10727.799061059952
126	8938.756	122.318474	9153.655	8783.094	9324.877	128.90735	9506.831	9132.281	1000.0	1000.0	630000	727.6644	111.77126	830.97015	-255.91629	727.6644	111.76774	834.0906	-201.38199	-729.7646	47.03475	10820.6770632267
127	8798.08	76.26213	8885.621	8697.914	9345.283	88.953415	9495.25	9187.563	1000.0	1000.0	635000	729.14496	111.8367	834.7984	-105.468704	729.14526	111.8343	834.4012	-106.10759	-731.2921	46.544357	10910.634862184525
128	8948.933	174.76875	9170.788	8640.896	9499.181	107.5753	9668.576	9337.228	1000.0	1000.0	640000	730.9258	110.56243	834.69403	-214.50497	730.9253	110.5613	833.3889	-172.11948	-733.5403	46.503124	11010.936736106873
129	8872.791	212.80591	9233.644	8576.93	9455.959	82.43101	9585.564	9318.002	1000.0	1000.0	645000	732.02734	111.18292	836.1825	-153.03067	732.0269	111.180916	835.2847	-159.60202	-734.1135	46.493946	11101.692873001099
130	8961.228	98.74049	9157.27	8894.69	9359.717	104.93012	9575.287	9172.999	1000.0	1000.0	650000	733.6398	110.02612	840.06647	-118.9294	733.63995	110.0243	841.8013	-119.82341	-735.6046	46.042976	11142.76592206955
131	8989.659	125.46846	9155.978	8836.093	9519.416	83.495125	9664.021	9414.066	1000.0	1000.0	655000	734.53613	111.254745	844.22906	-137.34738	734.5366	111.25203	842.6165	-77.66444	-736.8784	46.91366	11184.522195100784
132	9130.133	67.21015	9225.571	9053.458	9313.599	98.43993	9504.555	9168.801	1000.0	1000.0	660000	736.3603	110.345276	843.20825	-103.67622	736.3603	110.34371	841.29	-110.97339	-738.6783	45.571823	11226.5171251297
133	8901.108	128.14265	9083.684	8730.954	9357.412	96.814186	9568.398	9228.531	1000.0	1000.0	665000	737.6018	110.97564	841.86426	-79.99415	737.60175	110.97311	842.4842	-103.976036	-740.0612	45.90305	11267.727909088135
134	8969.904	124.15116	9195.245	8823.278	9465.145	103.09602	9618.752	9291.111	1000.0	1000.0	670000	738.474	111.454185	842.9423	-151.89279	738.47406	111.45295	842.6975	-160.56052	-740.3617	47.41084	11308.55054116249
135	8944.0	135.47054	9115.786	8709.4	9281.971	49.01808	9386.903	9210.38	1000.0	1000.0	675000	739.40826	112.36795	842.3604	-145.22899	739.40875	112.363525	843.05164	-155.57594	-741.753	47.20154	11349.853543281555
136	9004.564	119.58601	9224.682	8861.765	9624.662	106.54722	9810.679	9430.304	1000.0	1000.0	680000	740.6656	112.0017	847.1034	-138.71994	740.6657	111.99888	847.50775	-181.97916	-742.82947	47.740406	11389.959156990051
137	9070.242	70.81077	9174.531	9011.801	9314.94	69.69427	9427.709	9201.48	1000.0	1000.0	685000	741.9926	111.47698	848.0051	-172.50891	741.9928	111.475266	849.48804	-161.39156	-744.2277	47.29731	11430.93783712387
138	8955.215	86.76675	9065.268	8856.766	9566.24	109.84611	9781.315	9370.718	1000.0	1000.0	690000	742.6554	112.19745	847.3554	-153.49626	742.65576	112.19488	848.06287	-153.3555	-744.79974	48.808403	11474.748729228973
139	9094.076	85.721085	9168.21	8926.184	9622.949	68.75072	9719.727	9484.432	1000.0	1000.0	695000	743.9513	111.07146	848.32086	-112.06525	743.95154	111.07019	850.07043	-112.60202	-746.2133	48.007183	11517.226510047913
140	8930.141	75.26706	8994.209	8802.675	9530.958	80.07175	9645.413	9383.638	1000.0	1000.0	700000	744.8187	111.374245	853.8594	-122.16479	744.8193	111.37111	850.9685	-131.56654	-747.20886	46.618694	11559.16599202156
141	9110.047	94.986244	9212.815	8945.579	9492.516	73.44532	9605.515	9384.679	1000.0	1000.0	705000	746.1038	111.517784	853.7675	-104.88856	746.1039	111.51501	851.089	-119.17587	-748.3012	48.007374	11599.145862340927
142	9064.424	184.45395	9293.31	8818.182	9585.373	95.58541	9768.386	9390.259	1000.0	1000.0	710000	747.4253	111.27606	852.8265	-111.385796	747.42554	111.27458	852.85406	-131.47389	-749.9747	49.55956	11641.491240024567
143	8781.594	221.66704	9055.044	8439.108	9604.166	80.40022	9732.937	9482.233	1000.0	1000.0	715000	748.48737	111.174385	859.6671	-104.26593	748.4877	111.17288	854.72614	-135.79411	-750.8422	48.588814	11685.333071231842
144	9168.151	136.12714	9268.388	8908.348	9528.619	59.82379	9627.477	9430.679	1000.0	1000.0	720000	749.60956	109.98511	855.0202	-116.4166	749.6099	109.98222	855.88513	-129.66254	-751.6209	47.964424	11729.455513238907
145	8958.339	76.513916	9065.894	8842.316	9120.477	154.25269	9331.537	8836.589	1000.0	1000.0	725000	750.3785	110.13597	857.29474	-128.83307	750.3789	110.13078	853.46625	-147.96046	-752.52954	48.28674	11774.502389192581
146	9031.231	178.3851	9240.201	8780.512	9797.775	142.67418	10012.849	9538.0625	1000.0	1000.0	730000	751.3526	110.41148	855.0264	-209.83984	751.3527	110.40777	859.44965	-152.39865	-753.5214	48.577873	11819.241193056107
147	9149.157	112.01148	9330.08	8996.327	9710.685	130.80417	9884.99	9429.015	1000.0	1000.0	735000	752.81213	109.42964	858.9436	-150.14487	752.8125	109.427475	858.0555	-131.1197	-754.96545	47.217205	11863.347784996033
148	9183.71	46.60015	9257.658	9128.031	9323.513	86.49241	9493.319	9182.273	1000.0	1000.0	740000	753.60974	109.988144	855.7023	-167.94897	753.6093	109.988205	856.81836	-169.3988	-755.9872	47.789467	11907.670529127121
149	9047.815	136.4845	9215.929	8817.758	9041.042	127.68367	9287.853	8798.193	1000.0	1000.0	745000	754.5054	109.949	863.39453	-142.30276	754.50586	109.9477	858.95154	-108.98041	-756.8586	47.700188	11950.885547161102
150	8998.044	155.96515	9222.6045	8740.594	9566.193	113.94507	9780.857	9410.706	1000.0	1000.0	750000	755.7952	109.45638	863.39575	-124.33076	755.7953	109.45372	863.104	-118.49924	-758.2047	48.244946	11992.612866163254
151	9187.214	134.80751	9373.775	9020.924	9579.717	80.38023	9679.67	9451.414	1000.0	1000.0	755000	757.04504	109.40621	860.73694	-104.26449	757.0448	109.405235	864.5555	-140.14671	-759.2242	46.337173	12036.635473251343
152	9123.727	58.764404	9236.003	9080.853	9538.617	95.114784	9645.72	9305.831	1000.0	1000.0	760000	757.88635	109.55462	864.0062	-152.83578	757.88654	109.55056	867.17535	-185.16492	-760.2254	47.63014	12076.70127916336
153	9039.148	125.82043	9176.186	8811.133	9563.049	76.72035	9712.82	9427.5625	1000.0	1000.0	765000	758.99084	108.177635	863.1431	-126.25765	758.9906	108.18033	865.43713	-119.29932	-761.25214	48.365852	12120.380551338196
154	9038.318	246.11433	9289.849	8617.811	9805.311	112.5255	10048.625	9647.279	1000.0	1000.0	770000	759.75757	108.78227	862.7525	-120.44653	759.7576	108.7789	863.7742	-135.64296	-761.872	47.5193	12163.889162063599
155	9105.338	236.73329	9413.024	8714.476	9785.078	82.961716	9904.033	9646.898	1000.0	1000.0	775000	760.7711	107.31992	865.07404	-140.22322	760.77155	107.31842	865.3422	-124.58021	-762.9137	48.471992	12205.115153312683
156	9147.92	188.05244	9406.815	8926.227	9635.469	103.18666	9770.582	9491.485	1000.0	1000.0	780000	761.7783	107.58012	866.9722	-119.18076	761.7782	107.57663	865.4679	-103.490135	-763.7402	50.00319	12246.554190158844
157	9015.178	130.2694	9197.098	8846.925	9548.3	105.97045	9751.428	9367.1875	1000.0	1000.0	785000	762.3882	108.42946	867.22565	-150.26195	762.38806	108.42689	866.3055	-135.1312	-764.4898	48.728024	12288.726123094559
158	9115.951	89.27705	9252.31	8993.499	9630.439	86.68344	9742.728	9468.394	1000.0	1000.0	790000	763.5802	107.60165	865.63983	-178.08978	763.5806	107.601295	866.2178	-192.0095	-765.7499	51.018845	12331.385601043701
159	8988.042	133.5223	9171.727	8770.899	9669.416	67.05667	9810.308	9583.794	1000.0	1000.0	795000	764.0886	109.14139	867.5699	-116.53459	764.0888	109.14347	867.6389	-147.84875	-766.3607	50.736404	12371.664974212646
160	9062.913	170.52931	9263.779	8817.145	9749.089	121.638336	10076.153	9618.543	1000.0	1000.0	800000	765.1828	107.42651	867.82605	-93.38704	765.1828	107.42272	868.6776	-121.40951	-767.5012	49.42273	12412.543983221054
161	9113.814	163.65816	9359.534	8848.912	9615.426	79.34388	9737.721	9485.335	1000.0	1000.0	805000	765.6742	107.83758	866.83484	-122.35543	765.6738	107.83916	867.1186	-144.0449	-767.7986	47.89341	12458.03961610794
162	9171.181	91.91127	9286.399	9054.925	9576.026	46.454853	9633.322	9476.976	1000.0	1000.0	810000	766.6559	107.08603	871.0558	-146.37096	766.65643	107.08316	872.4084	-164.72504	-769.2084	48.6762	12501.876156330109
163	8942.758	548.61926	9381.577	7861.223	9650.169	104.58786	9837.415	9497.844	1000.0	1000.0	815000	767.5206	106.922844	873.4175	-147.51382	767.5205	106.92246	872.8773	-130.50864	-769.7471	49.707462	12545.008222103119
164	9155.943	105.24103	9320.078	9004.989	9462.176	93.60385	9710.463	9329.115	1000.0	1000.0	820000	767.8349	107.11505	870.2722	-151.33624	767.8354	107.112595	870.3949	-176.12799	-770.03906	48.44565	12586.193573236465
165	9030.85	168.3532	9313.821	8817.363	9266.748	152.21501	9454.371	9022.26	1000.0	1000.0	825000	768.5045	107.017525	870.7529	-156.63141	768.5048	107.01383	870.8002	-170.38387	-770.6004	48.269493	12628.91652417183
166	9264.236	123.38369	9441.438	9077.375	9727.984	33.837982	9770.691	9654.876	1000.0	1000.0	830000	769.3497	107.34886	871.59357	-170.81693	769.3496	107.34805	870.9781	-196.12614	-771.3959	47.597958	12670.580958127975
167	9040.97	233.37097	9468.643	8804.908	9496.924	134.11926	9658.76	9220.511	1000.0	1000.0	835000	769.7847	108.33503	873.28503	-174.05035	769.7853	108.33028	872.14026	-197.73761	-771.9096	47.604767	12712.589323043823
168	9083.848	238.0885	9282.467	8622.48	9556.99	114.437775	9748.274	9357.743	1000.0	1000.0	840000	770.98694	107.09125	873.2935	-144.19942	770.9867	107.09064	873.12775	-159.41245	-773.07355	48.46607	12758.728669166565
169	9164.771	108.04489	9322.093	8983.855	9529.434	77.67432	9641.059	9414.699	1000.0	1000.0	845000	771.76843	107.11551	877.07104	-161.45317	771.769	107.11255	877.54724	-157.03058	-774.16016	47.814194	12803.65767121315
170	9222.474	91.950775	9372.081	9088.131	9481.951	91.89261	9598.384	9340.292	1000.0	1000.0	850000	772.82434	106.34316	876.3596	-142.21733	772.8247	106.339745	875.9869	-176.2466	-775.1077	49.01713	12851.120062112808
171	9047.793	208.03119	9283.367	8761.071	9734.889	62.501587	9844.931	9641.973	1000.0	1000.0	855000	773.4621	106.61343	877.3618	-124.623436	773.4616	106.61398	878.324	-199.43666	-775.8322	49.775295	12895.825107097626
172	9273.769	183.6633	9465.21	8945.454	9792.337	72.549	9900.608	9637.765	1000.0	1000.0	860000	773.8815	106.18205	874.8126	-141.98764	773.88165	106.17999	874.9699	-157.8111	-776.02	50.01883	12940.71524310112
173	9335.67	132.18578	9525.471	9157.391	9815.071	139.5611	10032.459	9564.2705	1000.0	1000.0	865000	774.79034	105.44368	878.03595	-152.3601	774.79004	105.442894	878.0222	-179.67218	-776.8856	50.46405	12984.194171190262
174	9161.728	199.9267	9377.972	8829.011	9623.904	98.03278	9783.709	9434.303	1000.0	1000.0	870000	775.3097	106.35749	880.0655	-136.81409	775.3102	106.352234	880.397	-112.47069	-777.6893	48.735825	13028.747367143631
175	9243.151	188.35844	9439.886	8895.558	9780.739	115.21531	9985.701	9597.102	1000.0	1000.0	875000	776.24725	105.8798	883.2338	-140.06638	776.24744	105.878716	881.81085	-150.40941	-778.53143	48.786957	13074.074877262115
176	9061.654	159.8426	9244.427	8775.106	9722.473	106.40397	9881.869	9563.411	1000.0	1000.0	880000	776.9356	106.07874	880.84515	-253.6971	776.9358	106.07727	881.86523	-224.13681	-779.1164	49.366	13120.580734014511
177	9042.572	139.80386	9225.437	8792.852	9656.422	75.875656	9757.481	9487.006	1000.0	1000.0	885000	777.21533	106.15762	881.52704	-292.84424	777.2157	106.15528	880.38983	-220.48225	-779.3084	50.195534	13164.673357248306
178	9183.889	135.78662	9400.117	8991.941	9859.604	72.49851	9954.597	9721.67	1000.0	1000.0	890000	777.82965	105.55368	879.5966	-202.10101	777.82947	105.55321	879.0474	-201.29955	-780.21405	49.849876	13209.54339313507
179	9267.435	168.99387	9483.155	9035.534	9593.951	119.67913	9786.345	9409.289	1000.0	1000.0	895000	778.18915	105.87765	887.47864	-414.48492	778.189	105.87356	885.00995	-317.34018	-780.5738	50.44762	13256.44125008583
180	9178.865	167.63293	9480.461	8983.332	9695.58	96.42521	9878.12	9551.085	1000.0	1000.0	900000	779.0221	104.231674	882.5547	-150.49295	779.02203	104.22949	881.7284	-168.0544	-781.1611	49.43378	13303.275069952011
181	9143.976	240.6233	9360.593	8709.728	9362.462	128.90782	9553.399	9203.934	1000.0	1000.0	905000	779.12756	105.24036	883.32166	-270.83603	779.12726	105.239136	882.5923	-191.15839	-781.2946	50.71189	13349.973503112793
182	9025.615	206.4091	9317.044	8798.523	9541.882	114.918274	9693.302	9310.447	1000.0	1000.0	910000	780.08276	103.97143	892.78394	-198.06668	780.08295	103.96966	885.14594	-202.11589	-782.1799	49.22678	13399.339338064194
183	9255.106	132.03645	9356.732	9026.238	9511.262	85.490265	9740.915	9421.145	1000.0	1000.0	915000	780.7482	103.9542	889.1292	-181.67058	780.74817	103.953354	882.5521	-188.68619	-783.0126	50.071518	13451.561252117157
184	9154.619	121.69706	9384.292	9027.042	9826.205	71.05061	9936.929	9709.854	1000.0	1000.0	920000	781.1702	103.00259	885.4743	-175.48566	781.17035	103.002144	882.5927	-193.3292	-783.40906	50.114357	13502.743152141571
185	9236.311	114.80463	9335.393	9033.142	9725.533	75.58314	9861.515	9608.482	1000.0	1000.0	925000	781.5878	102.73637	886.70703	-184.52768	781.58777	102.73521	885.4023	-168.57005	-783.7088	49.43754	13550.744683027267
186	9185.211	238.69576	9344.873	8710.616	9786.208	116.67718	9919.359	9576.997	1000.0	1000.0	930000	781.7954	103.141304	885.993	-123.20661	781.7952	103.14066	883.3924	-131.76132	-784.0252	49.789505	13598.779165267944
187	9192.602	137.45876	9421.996	9023.47	9683.701	115.97069	9895.412	9536.542	1000.0	1000.0	935000	782.05457	102.92025	887.1921	-121.717834	782.05475	102.92012	889.2319	-100.50646	-784.4576	49.638332	13651.342370033264
188	9242.752	175.16493	9517.684	9058.483	9928.08	72.40655	10082.056	9835.316	1000.0	1000.0	940000	782.47015	102.83527	887.2307	-107.02446	782.47003	102.83463	887.5085	-120.92551	-784.4946	50.708675	13699.843438148499
189	9276.8	192.79997	9500.462	8983.012	9872.835	68.07778	9974.563	9771.743	1000.0	1000.0	945000	783.409	102.23449	887.3815	-84.59782	783.4094	102.22944	885.6775	-122.126526	-785.6992	50.6327	13745.200537204742
190	9428.542	90.255394	9580.491	9320.694	9884.407	169.85793	10132.731	9505.958	1000.0	1000.0	950000	783.88434	102.92311	885.8251	-155.52325	783.8845	102.92033	886.6581	-185.49559	-786.1141	50.9914	13785.753462076187
191	9275.396	174.58351	9544.408	9069.166	9931.528	85.05255	10069.42	9773.833	1000.0	1000.0	955000	783.9777	103.009895	888.6718	-133.53067	783.97766	103.00822	889.7827	-200.95554	-786.2532	50.784405	13827.581040143967
192	9385.498	130.19504	9565.743	9193.251	9861.703	106.37157	10047.206	9652.222	1000.0	1000.0	960000	784.5405	102.3886	887.76654	-173.59886	784.54095	102.38439	886.80884	-176.64651	-786.8226	51.91592	13869.180394172668
193	9307.178	114.60703	9511.536	9156.127	9814.655	66.38324	9904.572	9674.659	1000.0	1000.0	965000	784.2832	103.00689	888.36096	-112.15401	784.2827	103.00782	886.0314	-142.38211	-786.223	51.646687	13911.044343233109
194	9245.07	52.228935	9336.641	9178.457	9751.752	92.24112	9954.675	9654.551	1000.0	1000.0	970000	785.50195	100.54221	888.7999	-241.96779	785.5022	100.540306	886.8271	-140.31462	-787.5737	51.49948	13954.125071287155
195	9264.186	131.7817	9357.206	9003.975	9870.885	157.21907	10087.388	9546.462	1000.0	1000.0	975000	785.36884	101.548325	887.6709	-97.56954	785.36865	101.54918	887.0004	-133.387	-787.3195	50.36346	13997.131752967834
196	9273.93	222.58101	9614.413	8961.599	9799.674	90.027	10013.955	9691.1875	1000.0	1000.0	980000	785.9098	102.43451	886.11426	-195.88101	785.91016	102.43432	887.0937	-274.99655	-788.0354	49.90285	14041.638277292252
197	9353.635	210.2106	9598.139	9058.893	9671.871	81.24078	9787.709	9551.486	1000.0	1000.0	985000	786.42255	101.70759	889.6611	-115.51465	786.42267	101.70496	889.1658	-100.97765	-788.448	52.39064	14088.075619220734
198	9414.308	180.62277	9693.334	9223.579	9708.521	85.17704	9841.757	9590.117	1000.0	1000.0	990000	786.5283	101.99218	893.2964	-194.1543	786.5282	101.9924	888.92834	-201.69153	-788.8256	52.60603	14138.083419322968
199	9300.5205	103.10364	9487.884	9187.377	9646.399	86.349335	9752.728	9455.536	1000.0	1000.0	995000	787.1504	102.16903	891.0647	-158.81018	787.1502	102.1678	888.9933	-165.39691	-789.2548	53.609413	14184.922459125519
