Epoch	AverageEpRet	StdEpRet	MaxEpRet	MinEpRet	AverageTestEpRet	StdTestEpRet	MaxTestEpRet	MinTestEpRet	EpLen	TestEpLen	TotalEnvInteracts	AverageQ1Vals	StdQ1Vals	MaxQ1Vals	MinQ1Vals	AverageQ2Vals	StdQ2Vals	MaxQ2Vals	MinQ2Vals	LossPi	LossQ	Time
1	-290.24472	63.52145	-184.32297	-365.14972	-560.9972	1.4576895	-558.6042	-563.0561	1000.0	1000.0	5000	2.3189375	2.7258084	16.718855	-5.365756	2.3182268	2.725445	16.37597	-5.8208365	-3.4170485	0.45270538	62.066251039505005
2	-241.56255	94.89395	-145.23294	-422.5883	-493.6302	95.9368	-309.97598	-693.9372	1000.0	1000.0	10000	7.9781566	5.6243114	30.264847	-4.4052653	7.977402	5.6239395	29.469227	-4.9085	-9.498475	1.2206775	120.65120005607605
3	152.70544	650.43353	1306.9742	-508.23935	201.31827	498.2984	1193.9769	-390.81183	1000.0	1000.0	15000	12.744891	11.207991	58.168518	-8.578714	12.745351	11.206976	62.103966	-8.882524	-13.776676	2.4070265	189.28352093696594
4	828.53357	774.75006	1840.2681	-471.60934	43.040466	641.5313	1816.0912	-537.64276	1000.0	1000.0	20000	18.10644	16.6182	72.456665	-10.0622015	18.10569	16.616444	74.63433	-10.130438	-19.027857	4.4403963	259.4241919517517
5	1231.0674	1063.555	2318.7969	-324.8336	2229.5562	893.50946	3027.0972	-73.52227	1000.0	1000.0	25000	24.916214	23.260838	105.69005	-11.010525	24.916306	23.258509	106.45907	-11.545704	-25.810953	7.6825204	328.2486810684204
6	1077.7523	1197.4333	2497.6965	-438.57245	1063.3894	1287.3718	2793.0032	-611.0685	1000.0	1000.0	30000	33.643932	31.243885	125.92649	-12.454308	33.641407	31.244526	126.13947	-13.718772	-34.598907	12.665988	387.1217288970947
7	882.99695	1109.8567	2796.0747	-294.58994	1906.8708	632.0551	2757.0115	1027.9541	1000.0	1000.0	35000	40.595623	39.383404	142.7453	-13.00544	40.586742	39.390602	143.56337	-14.739973	-41.730545	18.453094	456.47369599342346
8	1739.7976	831.0895	2811.3474	590.46967	1871.01	929.1393	3056.5347	292.62253	1000.0	1000.0	40000	49.62902	46.776802	158.42535	-14.208872	49.613674	46.791065	155.83578	-14.560798	-50.750595	25.107813	528.9439699649811
9	2823.266	538.4044	3508.294	1952.9653	1833.432	1155.1326	3522.0083	-47.7829	1000.0	1000.0	45000	62.548252	54.15339	181.95206	-15.824463	62.531185	54.17059	176.7538	-14.424994	-63.809223	32.240044	597.7850730419159
10	2376.7517	1294.4718	3533.1255	97.55398	1604.6282	1075.6986	3600.1416	183.79001	1000.0	1000.0	50000	74.25908	61.011143	213.77893	-13.489185	74.24831	61.02164	215.3375	-16.73154	-75.48254	38.82556	665.4118371009827
11	1150.2019	1618.3882	3248.563	-253.17967	4226.432	230.81046	4614.475	3719.3196	1000.0	1000.0	55000	80.61636	67.70128	230.9349	-24.868038	80.61193	67.70529	235.34251	-26.73095	-81.6484	45.83022	737.4735450744629
12	2852.6096	1278.2054	4096.0376	776.2799	2575.3484	1168.98	3899.279	1039.8188	1000.0	1000.0	60000	92.15052	74.00119	251.1293	-28.980885	92.14409	74.00266	244.37572	-38.850742	-93.23694	55.25602	810.6174051761627
13	2965.185	1264.9009	3820.5786	522.57996	3408.8625	838.38367	4695.0317	2172.7805	1000.0	1000.0	65000	102.61155	79.00318	260.12744	-29.26107	102.60577	79.00802	260.47693	-30.843056	-103.737785	63.66034	882.9587960243225
14	2294.1377	1465.7843	4428.9253	289.02545	3560.3228	1637.2301	4671.308	164.87546	1000.0	1000.0	70000	111.565765	84.257034	278.07123	-48.761497	111.55891	84.259796	270.42102	-28.310545	-112.88684	71.67149	959.0175721645355
15	1881.4215	1305.2239	4301.952	574.2561	1772.5388	1449.9631	4392.966	61.908894	1000.0	1000.0	75000	116.76937	90.57246	289.1633	-47.161842	116.761826	90.57647	285.89328	-54.838478	-117.98187	78.88064	1027.9743132591248
16	3094.4155	1065.8029	4045.4204	1334.554	2488.879	1671.1085	4200.4927	15.172009	1000.0	1000.0	80000	123.75177	95.77294	292.1169	-73.19761	123.745186	95.77744	288.7142	-47.253227	-124.94901	87.67096	1097.1465890407562
17	2486.09	1645.9929	4098.83	-146.05528	1112.4811	1054.6411	2916.2068	18.7349	1000.0	1000.0	85000	132.8681	99.93936	311.7052	-38.61044	132.859	99.94542	322.79288	-35.13412	-134.06877	97.2342	1165.364158153534
18	2033.4037	1327.07	4465.178	424.6784	3248.759	1004.006	4338.4688	1642.5664	1000.0	1000.0	90000	136.37164	104.67454	310.55234	-27.161404	136.36392	104.68116	314.21094	-29.930702	-137.4735	102.03715	1236.2006781101227
19	3268.9683	1858.1847	4571.0386	-376.2297	3065.3752	1652.8115	4621.721	321.0276	1000.0	1000.0	95000	144.65488	108.49913	320.81668	-95.64948	144.64433	108.50565	325.48694	-75.04668	-146.30302	111.28795	1322.8325469493866
20	3537.4133	993.10254	4418.105	2065.216	2210.6462	1321.6392	4400.228	-200.47807	1000.0	1000.0	100000	151.97003	111.76171	331.8844	-55.522377	151.96034	111.76761	332.25903	-52.09022	-153.28572	117.07607	1401.8994989395142
21	2825.8362	1379.3142	4448.5757	700.42487	2924.0776	1471.7269	4420.952	516.5657	1000.0	1000.0	105000	156.8672	114.87356	331.63174	-48.499504	156.8564	114.88124	336.0972	-68.27635	-157.92125	123.097725	1484.7545330524445
22	2396.9038	1643.5215	4403.042	768.9977	3575.864	1414.0258	5053.718	150.1836	1000.0	1000.0	110000	161.65169	117.742134	344.59644	-46.200016	161.63892	117.75079	342.1844	-71.43708	-163.0971	127.05206	1578.999834060669
23	3405.4258	1388.023	4393.2075	668.6108	2334.6328	1394.0853	4064.0857	183.10893	1000.0	1000.0	115000	166.23726	120.524216	353.56155	-57.99491	166.2231	120.53523	354.7786	-74.13181	-167.33784	134.0861	1670.3603110313416
24	2730.0503	1332.3544	4561.936	1239.7509	1944.0609	1750.4178	4636.656	-160.20245	1000.0	1000.0	120000	171.11282	122.44102	356.7651	-48.253197	171.10272	122.44749	364.23	-71.05717	-172.58199	138.56828	1766.2255289554596
25	4116.3125	361.66998	4556.554	3500.9956	1762.6881	1800.3768	5022.675	-131.83583	1000.0	1000.0	125000	177.25967	123.894035	353.77182	-63.22313	177.24696	123.89928	359.82892	-44.04517	-178.5391	143.20187	1859.8586611747742
26	3693.0925	968.1677	4541.0093	1808.3512	3041.9849	1600.511	4179.0103	-201.12015	1000.0	1000.0	130000	183.2429	124.96065	360.35114	-58.013077	183.23174	124.96908	363.7945	-39.021767	-184.38048	146.16832	1950.2497780323029
27	2629.8267	1847.1936	4343.1343	-91.007095	3945.0474	955.20795	4445.8574	1100.4788	1000.0	1000.0	135000	188.8294	126.08317	364.83557	-65.572235	188.81929	126.09308	361.33627	-46.92774	-189.9711	147.50603	2038.8516941070557
28	3006.905	1349.1741	4465.8228	790.373	3067.0256	1850.6141	5093.214	-75.96412	1000.0	1000.0	140000	191.66275	128.11722	369.17734	-34.782238	191.65453	128.12282	373.06775	-57.914753	-192.72437	149.18245	2123.2452471256256
29	3084.7144	1166.4202	4694.2803	1526.0951	2370.3745	1377.2811	4217.513	261.8461	1000.0	1000.0	145000	195.1226	129.64314	368.7105	-65.14816	195.10869	129.65254	376.825	-73.64643	-196.0753	153.35172	2204.0062520504
30	2150.8074	1742.0898	4165.072	-254.06032	4191.2686	340.15082	4723.695	3345.9004	1000.0	1000.0	150000	198.50688	131.09656	377.67746	-47.884663	198.49507	131.10608	371.72702	-38.222168	-199.68953	154.51115	2290.809990167618
31	2482.8625	1504.0831	4352.0903	833.4698	2979.7278	1748.7762	4828.372	152.16113	1000.0	1000.0	155000	198.81905	133.5829	380.09573	-44.833206	198.80449	133.59619	383.17792	-45.029076	-199.81218	157.4984	2426.0422871112823
32	4018.8918	822.56775	4947.7974	2569.7231	3249.7922	1816.8331	4965.49	504.958	1000.0	1000.0	160000	202.99725	134.16985	376.86844	-39.65272	202.9856	134.18095	379.29953	-47.867283	-203.85742	159.05608	2576.7025010585785
33	2938.8096	1571.6615	4344.7036	359.5261	3606.7546	1347.0132	4541.184	-12.939993	1000.0	1000.0	165000	206.40239	134.96399	381.83136	-123.34871	206.38866	134.97507	381.2483	-107.970535	-207.5617	164.54384	2735.691085100174
34	4243.3193	363.61334	4798.6025	3670.3005	3544.5366	1310.1187	4720.737	862.6786	1000.0	1000.0	170000	210.46556	135.49203	383.2976	-98.67828	210.45195	135.5063	386.3263	-110.60075	-211.22342	171.2983	2883.1205191612244
35	4051.1328	749.69604	4680.875	2770.9277	4179.423	665.2117	4722.3115	2276.899	1000.0	1000.0	175000	215.18378	135.74382	381.6856	-99.75904	215.17183	135.75581	385.9124	-32.73741	-216.04018	167.3579	3035.2573878765106
36	4153.432	142.65996	4361.6167	3974.3755	3905.8843	1062.7609	4437.978	749.79126	1000.0	1000.0	180000	220.16983	135.61296	393.70007	-58.56509	220.15858	135.61865	384.20642	-92.29497	-220.9887	169.41068	3194.2717611789703
37	4192.1167	352.70657	4666.9727	3636.3257	2608.2554	1797.001	4547.8086	-218.39522	1000.0	1000.0	185000	224.64206	135.37782	384.4085	-72.826225	224.63177	135.38301	384.28458	-60.005257	-225.71085	169.25833	3347.7973248958588
38	3592.3315	1273.4865	4323.8047	1057.0305	4269.213	404.74515	4696.5176	3267.2383	1000.0	1000.0	190000	228.4691	135.71336	386.68277	-56.082703	228.45692	135.72023	388.10464	-79.915794	-229.72823	170.16678	3492.210000038147
39	2973.448	1475.0089	4307.1357	694.2741	4390.7524	107.43125	4529.043	4185.1562	1000.0	1000.0	195000	230.11322	136.73491	394.93793	-63.47628	230.10431	136.74532	389.31256	-58.24893	-230.98924	172.89227	3621.0331711769104
40	4049.8293	269.5846	4559.7637	3758.6091	3064.0603	1375.7773	4425.7095	339.18457	1000.0	1000.0	200000	234.20316	136.55577	390.78708	-136.21112	234.18842	136.56425	393.62103	-134.64186	-235.19513	175.71936	3775.611205101013
41	3790.0696	269.85822	4128.212	3388.4417	4613.5312	197.5332	4868.6787	4169.4316	1000.0	1000.0	205000	239.05531	135.9433	397.1527	-60.106075	239.04358	135.95174	393.3554	-66.86245	-239.8436	174.12299	3923.8485610485077
42	3902.142	512.1799	4461.4014	3004.2473	3564.1758	1440.2903	4549.037	-209.1362	1000.0	1000.0	210000	242.41238	136.17339	400.28027	-39.89174	242.39977	136.1872	394.92316	-115.809326	-243.05482	171.0426	4074.100201845169
43	3704.771	415.76083	3988.825	2878.6338	3417.3079	1497.3468	5072.08	209.98729	1000.0	1000.0	215000	245.72063	136.04854	395.00052	-53.32434	245.7108	136.05794	400.74973	-58.554802	-246.48386	177.56372	4229.674260139465
44	3791.1418	693.7989	4309.297	2473.8096	3950.4578	823.3066	4720.926	1774.1404	1000.0	1000.0	220000	249.03992	135.91714	399.56882	-79.74802	249.02702	135.92633	401.0991	-70.4453	-249.60385	174.7514	4379.138929128647
45	4263.009	271.421	4591.003	3818.781	2411.309	1835.3612	4529.9956	-451.0136	1000.0	1000.0	225000	252.71193	135.56306	396.58926	-61.164425	252.70197	135.56929	405.42932	-41.64106	-252.9767	176.75104	4527.42906999588
46	3527.7761	1103.1996	4458.225	1382.4437	3916.8926	537.97815	4374.3574	2365.1628	1000.0	1000.0	230000	255.73242	135.87065	399.42722	-55.9542	255.71536	135.88663	405.5577	-63.744453	-256.82495	178.07062	4673.219367027283
47	2902.4983	1754.636	4927.26	166.80618	2838.8276	1422.654	4785.6733	41.161312	1000.0	1000.0	235000	257.636	136.52571	401.5942	-137.71405	257.62448	136.53645	405.70306	-68.548935	-258.5081	177.94818	4819.265820026398
48	3602.0962	1083.0126	4988.405	2247.247	4274.063	442.9668	4676.2314	3008.033	1000.0	1000.0	240000	259.3004	137.27121	408.90488	-76.00528	259.2879	137.28078	406.4559	-81.62936	-260.06717	179.57558	4956.642438173294
49	3941.228	626.52136	4636.802	2823.7893	3606.809	1469.3029	4554.68	-14.3466215	1000.0	1000.0	245000	261.49988	137.27528	408.68832	-70.00184	261.48746	137.28406	405.04733	-117.940765	-262.30466	181.51378	5111.3504021167755
50	3955.702	675.8589	4416.4116	2626.6028	3883.1023	1161.2086	4553.7983	434.19977	1000.0	1000.0	250000	264.23993	136.86829	408.18497	-52.15271	264.22812	136.87508	407.15683	-69.28619	-265.3404	183.00479	5274.4760620594025
51	3389.2297	480.20474	3743.918	2440.3901	2935.0356	1259.8987	4297.1187	580.42035	1000.0	1000.0	255000	266.15152	136.7597	409.25198	-128.85709	266.1421	136.76791	409.59286	-41.831486	-266.60776	181.78737	5418.840978145599
52	3944.709	176.4136	4258.1084	3759.177	2490.4575	1605.3309	4376.8057	-181.45863	1000.0	1000.0	260000	269.15833	135.83519	410.1084	-73.552574	269.148	135.84436	410.8144	-127.9363	-269.64117	185.58118	5549.159009933472
53	3897.5457	325.40765	4222.045	3470.1653	4013.774	665.32574	4701.437	2456.9385	1000.0	1000.0	265000	271.55838	135.33849	407.53668	-92.19752	271.54544	135.34576	412.85733	-103.70749	-272.01614	185.38179	5695.309713125229
54	4201.5674	194.52576	4548.0903	3949.6223	2764.9888	1531.341	4320.0737	-156.61115	1000.0	1000.0	270000	273.70285	134.94249	412.14026	-62.73577	273.69406	134.9473	410.49948	-54.9028	-274.20966	186.62753	5846.15695309639
55	3216.6067	1348.4948	4052.8372	526.2578	3929.0688	1351.2611	4773.288	-28.36502	1000.0	1000.0	275000	276.5099	134.55276	413.40152	-61.023697	276.49524	134.56546	409.95328	-76.278946	-277.19498	185.92215	6005.933608055115
56	3630.9836	188.667	3939.1033	3347.4543	4013.8374	479.5775	4522.8174	2806.905	1000.0	1000.0	280000	277.57523	134.94138	412.93933	-70.60882	277.56116	134.95686	414.70828	-129.20944	-278.3905	188.91493	6176.939414978027
57	3189.9998	1372.1875	4281.703	584.12683	3610.4277	1115.4327	4394.3726	1053.454	1000.0	1000.0	285000	279.26886	134.89989	412.71442	-296.5103	279.25537	134.91673	415.68796	-98.763275	-279.99628	186.23813	6327.104192972183
58	3596.561	506.2979	4224.422	2914.9421	3707.2278	232.05727	4183.472	3311.438	1000.0	1000.0	290000	280.672	135.155	417.03354	-61.98092	280.65256	135.18321	418.29715	-81.04958	-281.424	191.69952	6475.347213029861
59	4023.1284	188.6368	4282.7515	3770.686	3466.5164	1214.502	4595.405	765.7488	1000.0	1000.0	295000	282.6414	134.43773	414.6693	-55.311058	282.61877	134.47594	417.50977	-60.412018	-283.45355	190.27588	6623.101812839508
60	3268.684	1472.6414	4478.4067	489.11914	3652.8113	521.1101	4026.0918	2152.309	1000.0	1000.0	300000	284.32956	134.0896	417.84924	-129.15382	284.30585	134.12666	417.55716	-79.953445	-284.899	190.93857	6768.76904797554
61	3752.589	288.7712	4202.8604	3374.6384	3747.9478	1066.4414	4286.0195	572.9291	1000.0	1000.0	305000	285.5842	134.16731	426.7655	-103.410416	285.56042	134.20564	417.10135	-130.27927	-286.40414	191.2853	6906.854721069336
62	3957.5535	117.300476	4115.296	3769.4453	3482.5156	583.17346	3933.3296	2033.9845	1000.0	1000.0	310000	287.18616	133.4091	422.68857	-98.23349	287.1665	133.43817	419.29526	-126.768295	-287.6401	191.83847	7037.489995956421
63	3827.39	489.73254	4393.085	2918.378	3223.4768	386.4824	3748.011	2604.7524	1000.0	1000.0	315000	288.9348	132.03906	419.5719	-75.01274	288.91742	132.0636	416.81845	-103.64952	-289.698	189.23718	7172.427287101746
64	3552.2827	377.11963	4276.818	3215.3037	2608.5093	1911.1967	4561.415	-288.46936	1000.0	1000.0	320000	290.40033	131.59224	422.5607	-55.59087	290.38632	131.61278	418.67575	-50.07715	-290.99954	186.7889	7343.862003087997
65	3747.8276	299.83395	4040.3108	3306.096	3038.762	1624.6564	4555.702	42.198627	1000.0	1000.0	325000	291.6256	131.02977	423.85965	-93.17018	291.61548	131.03546	428.60498	-107.391815	-292.3289	189.24707	7498.482882976532
66	3955.015	255.37411	4345.2524	3687.8318	3303.1753	1014.9604	4032.5608	414.19226	1000.0	1000.0	330000	293.40735	130.12476	421.89	-34.03054	293.39832	130.12704	416.39548	-112.62272	-294.04788	190.77307	7653.300364971161
67	3101.2559	1552.8186	4458.3257	92.93541	4453.843	264.7278	4864.9043	4002.1702	1000.0	1000.0	335000	294.2383	129.74838	419.59665	-72.91185	294.23126	129.75189	424.902	-73.458664	-294.33508	189.60643	7811.984452962875
68	4299.8257	304.04538	4675.191	3991.0205	3720.0195	1248.1161	4888.871	1099.0142	1000.0	1000.0	340000	295.1731	129.33856	419.49918	-50.642624	295.16364	129.34494	419.33203	-42.9948	-296.17032	187.082	7943.323665142059
69	4151.728	492.65247	4708.0547	3335.6152	3970.6758	1185.0092	4673.8926	476.39218	1000.0	1000.0	345000	296.78616	128.99533	425.91614	-82.994255	296.7775	128.99976	426.39764	-51.742268	-297.5935	188.35707	8086.249280929565
70	3843.664	255.22223	4102.282	3469.5024	4361.05	176.89786	4576.1055	3980.4258	1000.0	1000.0	350000	298.46054	128.72472	425.95755	-55.055447	298.45325	128.72832	422.96967	-34.5509	-299.26215	186.72018	8236.37701010704
71	2723.546	1800.5447	4833.494	518.00745	2291.2993	1341.115	4248.705	110.24515	1000.0	1000.0	355000	300.0547	128.45895	425.96384	-71.81131	300.04413	128.46613	425.35748	-45.9148	-300.7403	188.50142	8391.816581010818
72	2681.8013	1216.0332	3861.0537	473.3849	2777.2776	1413.4974	4361.263	126.43742	1000.0	1000.0	360000	299.9132	129.01076	426.2947	-222.04237	299.90314	129.01416	421.96512	-83.06554	-300.9677	189.22466	8532.973348140717
73	4084.934	269.74484	4530.2383	3679.9387	3059.3958	1313.5039	4398.234	-55.237392	1000.0	1000.0	365000	301.35715	128.11841	426.31766	-26.63026	301.34958	128.12247	424.8559	-51.053802	-301.76724	184.98991	8684.956226110458
74	3511.8745	756.3206	4139.017	2083.507	3484.4133	889.76886	4732.162	1906.863	1000.0	1000.0	370000	302.10602	127.68563	427.98734	-84.92971	302.09885	127.68608	429.10648	-50.089474	-302.69244	188.17755	8842.304944992065
75	4128.3755	282.14847	4580.4873	3772.889	4007.8113	258.7789	4376.362	3529.927	1000.0	1000.0	375000	303.4411	126.7991	427.80634	-182.68486	303.43558	126.800385	431.5299	-101.10477	-304.23776	187.8115	9005.515977144241
76	4070.8054	155.0623	4246.9375	3801.2937	4325.368	260.4774	4843.453	3896.4014	1000.0	1000.0	380000	305.6936	125.70987	425.0114	-24.61184	305.68597	125.71332	430.212	-36.942684	-306.3344	188.28535	9171.05257487297
77	3313.6335	1765.2377	4397.213	-185.68237	3132.6853	1190.3137	4306.3755	1027.6809	1000.0	1000.0	385000	306.08124	126.00089	427.01056	-185.52483	306.0775	125.99979	423.3165	-78.2715	-307.18454	186.27538	9343.183060884476
78	3374.836	585.6128	3819.7412	2233.8074	3879.261	776.4104	4536.1577	1763.3694	1000.0	1000.0	390000	307.2341	125.928	437.30444	-58.557426	307.227	125.93189	429.2433	-84.8387	-307.7237	187.30598	9497.229866981506
79	3974.218	481.84235	4594.5566	3362.4102	3555.2273	1019.6452	4726.5312	1256.6354	1000.0	1000.0	395000	308.2733	125.35656	429.2522	-48.46819	308.26724	125.35812	426.838	-30.41354	-308.76794	187.68027	9638.783030986786
80	3242.8247	1354.3982	4133.062	546.13904	3159.8801	1557.0112	4365.233	-257.39532	1000.0	1000.0	400000	309.38123	124.77331	426.63748	-56.233932	309.37228	124.77469	429.2785	-59.68329	-309.79404	188.8122	9781.708871126175
81	4270.4385	310.93982	4786.364	3934.7205	3760.6655	513.24457	4265.045	2322.2412	1000.0	1000.0	405000	309.544	124.95214	433.63574	-37.59886	309.53467	124.96139	429.1952	-61.44671	-310.24777	186.67952	9909.041683197021
82	3984.1733	336.6815	4316.945	3485.0076	3760.3384	897.1956	4389.9414	1216.0977	1000.0	1000.0	410000	311.31738	123.94408	430.60825	-62.000175	311.3071	123.95374	428.86435	-58.460064	-311.9573	186.36372	10089.539426088333
83	2610.4	2028.2262	4663.4365	-289.5475	2418.1992	1680.9592	4000.1145	-79.16641	1000.0	1000.0	415000	311.66675	123.94831	428.69174	-37.818462	311.65692	123.95716	430.09024	-40.650253	-312.20526	184.5857	10246.055931091309
84	3099.6062	1242.621	4420.6323	825.54407	2271.8323	1726.9877	3997.9983	-488.4971	1000.0	1000.0	420000	311.718	124.23995	430.43335	-100.53116	311.71024	124.246315	431.9945	-80.98646	-312.0732	188.47159	10408.557439088821
85	3707.067	1171.8363	4507.801	1391.608	3003.2773	2093.793	4737.5195	-318.35007	1000.0	1000.0	425000	312.30984	123.940796	432.84863	-61.619278	312.29996	123.950226	431.0946	-76.89857	-312.9521	185.9246	10562.117097854614
86	3019.3206	1003.5409	4345.492	1868.6606	3380.2603	1798.1868	4852.089	81.17934	1000.0	1000.0	430000	312.99924	123.77292	429.86386	-31.357254	312.9925	123.77894	437.34607	-13.941761	-313.37265	181.52965	10696.849487066269
87	4233.6997	241.6277	4477.301	3822.0261	4066.1582	498.49152	4374.0757	2613.7275	1000.0	1000.0	435000	313.46942	123.43739	431.3082	-52.99958	313.46088	123.44517	432.21768	-64.35396	-314.23477	186.31654	10843.283040046692
88	3628.6626	1054.7224	4366.3877	1552.9502	4032.989	297.06195	4438.063	3598.0305	1000.0	1000.0	440000	314.32925	123.332634	433.25116	-65.72901	314.31964	123.34128	429.816	-54.658722	-314.81995	185.07938	11010.401854276657
89	3975.3574	310.34647	4543.119	3646.8748	4043.3079	299.5898	4434.9634	3517.8093	1000.0	1000.0	445000	315.38892	122.84893	433.18683	-72.89913	315.37827	122.85696	431.2016	-49.167004	-315.8936	183.30786	11150.667806148529
90	3192.9375	1524.0128	4326.571	233.77655	3629.9211	1389.0483	4505.2607	26.720531	1000.0	1000.0	450000	316.20966	122.52239	435.80884	-21.96194	316.2012	122.529945	431.18646	-67.78046	-316.77115	185.40695	11308.825075149536
91	3600.17	1222.9404	4889.9297	1299.7361	3605.166	895.0766	4607.0596	1207.3595	1000.0	1000.0	455000	317.02487	122.33802	432.78665	-96.10892	317.01685	122.34942	428.78363	-24.724087	-317.6846	184.74042	11487.287779092789
92	3707.1167	233.64331	4010.7754	3358.1047	3044.3677	1455.5834	4285.7383	563.9411	1000.0	1000.0	460000	317.8999	122.11432	438.3254	-85.75304	317.88672	122.12773	431.4032	-163.03291	-318.5701	186.04283	11651.098662137985
93	1834.9808	1820.4019	4524.0444	-354.40292	3489.0684	1015.5645	4299.387	1288.3864	1000.0	1000.0	465000	317.69785	122.76687	433.9971	-97.879974	317.68317	122.78746	430.98593	-126.319466	-317.96353	188.05318	11808.010449171066
94	2328.8071	1657.5555	4161.685	206.40558	3806.3762	680.36993	4347.017	1835.8529	1000.0	1000.0	470000	317.2949	123.663994	430.80328	-36.152523	317.2818	123.67713	432.27716	-37.30645	-317.45786	184.93843	11965.018217086792
95	3590.5774	585.8651	4540.3477	2691.376	3913.1628	928.13855	4711.4795	1221.5098	1000.0	1000.0	475000	317.5921	123.381714	435.7035	-71.17432	317.58224	123.39488	437.99994	-76.70166	-318.3463	183.48932	12119.435709238052
96	4144.677	240.64137	4514.744	3873.233	2550.5789	1557.049	4131.3916	-193.32585	1000.0	1000.0	480000	319.08508	122.39364	441.8807	-73.21554	319.0763	122.40209	442.33896	-69.822945	-319.59906	184.90854	12265.728248119354
97	2282.0505	2029.4688	4211.554	-482.77652	3700.5376	1497.1222	4705.5376	-394.88464	1000.0	1000.0	485000	318.95053	122.66489	438.5389	-41.33649	318.94138	122.673225	431.74384	-175.00653	-319.5468	184.1972	12428.073956012726
98	3997.132	182.67622	4248.6357	3769.0442	3460.1055	1022.6876	4212.767	553.1819	1000.0	1000.0	490000	319.99756	122.101685	433.66858	-22.275238	319.98868	122.10777	433.0638	-44.599182	-320.67953	180.72736	12584.978566169739
99	3658.9395	475.17874	4202.9165	2977.9353	3132.9678	1230.6351	3908.3662	589.4023	1000.0	1000.0	495000	320.6102	121.48265	443.6036	-151.44066	320.59985	121.48743	433.03482	-53.79954	-321.1534	183.86282	12755.763974189758
100	3856.45	456.35638	4423.884	3252.09	3773.4692	256.9948	4129.765	3300.1985	1000.0	1000.0	500000	321.55194	120.60239	435.19794	-105.915436	321.54697	120.60485	435.44012	-33.94892	-322.3474	177.72612	12861.883035182953
101	3688.95	563.8612	4255.805	2656.1626	2942.5444	1201.4088	4310.9175	1005.55505	1000.0	1000.0	505000	322.53702	120.381546	436.27078	-94.86102	322.52902	120.38687	434.11456	-91.745155	-322.83066	175.86095	12941.429093122482
102	3870.8574	416.5706	4569.434	3399.533	4047.3477	267.56345	4372.4194	3337.113	1000.0	1000.0	510000	322.85373	120.334045	437.281	-39.15904	322.84338	120.33948	432.0857	-18.820152	-323.57474	178.85402	13020.194506883621
103	3771.0637	330.46606	4288.6216	3249.4968	3512.0132	1031.6188	4243.782	1279.0381	1000.0	1000.0	515000	324.1978	119.807045	439.40076	-37.599026	324.18973	119.81381	433.78638	-123.44122	-324.7194	179.48747	13099.09793305397
104	3365.491	859.5835	4216.129	1821.6777	3121.1414	1355.0525	4126.7705	278.7916	1000.0	1000.0	520000	324.30157	119.7301	435.20508	-35.86403	324.2923	119.74246	437.1191	-101.17339	-324.84656	184.14665	13152.733525037766
105	3629.0469	655.13007	4276.0986	2403.0164	2537.8777	1116.8207	3776.3252	519.394	1000.0	1000.0	525000	325.34912	118.95772	438.2505	-32.78301	325.3421	118.96049	440.07678	-33.551193	-325.93582	177.57086	13198.501334905624
106	3620.0703	273.72766	4099.2627	3302.412	3404.6519	1475.6252	4656.08	360.7723	1000.0	1000.0	530000	325.43564	119.08771	434.1493	-43.38025	325.42566	119.091965	440.85284	-36.639534	-325.9328	178.16249	13244.209160089493
107	3820.9116	229.08832	4110.933	3407.743	2862.659	1063.6644	3838.0347	645.7103	1000.0	1000.0	535000	325.92935	118.61274	439.98022	-5.071308	325.9227	118.62033	440.36316	-6.0585938	-326.3809	179.71707	13289.742858886719
108	3216.243	1334.1702	3949.6033	550.911	3940.3892	285.16623	4436.577	3602.6045	1000.0	1000.0	540000	326.47556	118.71639	437.2901	-64.928665	326.4652	118.72767	435.04736	-120.85582	-327.0362	177.94934	13335.029772043228
109	3530.2954	289.01157	3941.4258	3113.044	2928.8657	941.99866	4022.6948	526.6494	1000.0	1000.0	545000	327.38458	118.19393	437.16968	-125.168724	327.37585	118.205086	441.46313	-206.0393	-328.12048	179.23247	13384.19544005394
110	3773.5027	868.0262	4480.756	2061.6963	2715.7004	1212.2957	4104.598	584.6519	1000.0	1000.0	550000	327.7366	117.871	442.7707	-82.91712	327.72842	117.87723	441.18036	-62.585114	-327.91278	176.59082	13432.919589996338
111	2917.5188	1021.13293	3873.4004	1034.5516	3649.9702	934.1099	4468.825	1610.5447	1000.0	1000.0	555000	328.6885	117.40739	440.41953	-30.998367	328.68094	117.41206	439.08514	-24.236794	-329.39233	173.40573	13481.566703081131
112	3736.121	406.55768	4486.9243	3259.4138	3510.3599	874.85657	4324.222	1093.1005	1000.0	1000.0	560000	328.80283	117.17229	437.81177	-54.996124	328.79675	117.174324	440.8787	-82.82646	-329.3232	178.5526	13531.423882961273
113	3757.1147	382.3545	4111.265	3033.7886	3806.9238	694.9683	4734.3354	2024.0063	1000.0	1000.0	565000	329.47995	116.944756	437.08868	-49.626846	329.47318	116.94697	434.72876	-23.21444	-329.73602	174.38417	13579.14370393753
114	4087.2727	69.85602	4167.4824	3989.3855	2643.2617	1729.339	4643.5244	86.95924	1000.0	1000.0	570000	330.24582	116.54656	440.8982	-42.544174	330.2399	116.550095	441.70496	-36.40229	-330.4208	176.47968	13625.677262067795
115	2412.2573	1611.9651	4288.5723	608.02386	2859.015	1748.9489	4754.1675	4.1250253	1000.0	1000.0	575000	330.64978	116.48226	438.54602	-14.385788	330.64276	116.48199	445.3393	-47.866882	-331.20596	175.27142	13670.650333166122
116	3613.843	871.3292	4360.379	1911.6227	4085.8508	152.9156	4478.151	3888.1282	1000.0	1000.0	580000	330.98013	116.20221	440.7888	4.6924057	330.97162	116.202614	439.86462	-72.854515	-331.75693	178.77817	13714.62174987793
117	3810.539	362.18658	4213.1763	3158.4324	4201.6855	222.19542	4661.5586	3960.0154	1000.0	1000.0	585000	331.3644	115.88944	443.05777	-70.20682	331.35806	115.88857	440.63913	-106.99596	-332.01434	171.89436	13758.752120018005
118	3972.757	354.67444	4410.8354	3395.575	4044.4094	178.42125	4346.5796	3779.8958	1000.0	1000.0	590000	332.34482	115.045784	442.32254	-51.466408	332.33923	115.04683	445.84723	-64.302345	-332.7168	173.11136	13803.993771076202
119	2944.0994	1078.1633	4010.862	1239.0604	3971.308	270.2805	4313.6357	3454.2617	1000.0	1000.0	595000	332.9352	114.91233	440.43686	-14.992981	332.9277	114.914536	437.4697	-149.30478	-333.6915	171.671	13851.948552131653
120	4095.9504	190.34453	4341.869	3832.327	3785.004	808.15967	4533.126	1570.2887	1000.0	1000.0	600000	333.48984	114.55169	439.99387	-71.916145	333.48465	114.548294	442.3351	-24.267685	-333.7633	173.73285	13900.963656187057
121	3804.6304	522.93726	4324.5015	2888.1436	3390.3743	1381.0294	4462.936	-30.296612	1000.0	1000.0	605000	334.26196	113.947525	439.83676	-34.70381	334.25696	113.94564	448.54926	-46.255775	-334.7448	170.78433	13950.469882011414
122	3793.011	887.47253	4478.0176	2050.024	3737.065	385.55457	4397.9478	3026.3818	1000.0	1000.0	610000	334.42746	113.58265	437.79123	-11.221687	334.42166	113.58105	449.81525	-35.68879	-335.02765	171.60945	13999.46934914589
123	3761.0422	505.96313	4180.544	2839.7415	4303.7236	294.84796	4754.3394	3825.6694	1000.0	1000.0	615000	334.63037	113.30229	440.14783	2.6540604	334.62433	113.30353	440.69388	-26.22615	-335.2336	175.32698	14047.52995800972
124	3294.3843	999.39966	4240.4233	1978.542	3520.1636	1194.0122	4354.4077	183.73517	1000.0	1000.0	620000	335.06042	112.81214	442.67004	-7.684868	335.05447	112.819244	444.24652	-22.364014	-335.3159	173.51913	14093.934883117676
125	3705.6309	305.9946	4018.5286	3239.6086	3526.4583	1211.6914	4473.346	829.3875	1000.0	1000.0	625000	335.60776	112.46229	439.77704	-27.5943	335.6024	112.463104	441.70963	-15.729301	-336.20496	170.81447	14138.317713022232
126	3992.1667	356.40805	4502.64	3469.4685	2295.8513	1655.3992	4166.701	-318.42188	1000.0	1000.0	630000	336.31494	112.08938	442.2691	-12.545944	336.30634	112.09539	446.53082	-28.062737	-336.83655	170.78452	14182.966549873352
127	4024.662	493.73517	4505.5664	3122.6912	3859.6226	1368.568	4748.741	-153.98848	1000.0	1000.0	635000	336.43118	112.22088	439.28928	-97.17862	336.4245	112.22377	441.4805	-31.557297	-336.82156	174.48344	14229.051980018616
128	3571.5396	751.9713	4195.8667	2155.577	3676.286	357.4692	4094.3826	2842.4128	1000.0	1000.0	640000	337.1607	111.62104	446.46152	-14.347282	337.1522	111.63002	439.85587	-44.882156	-337.61136	171.55339	14276.360540151596
129	4007.4734	460.50082	4674.974	3378.5596	4242.733	1444.252	5179.5757	-12.779493	1000.0	1000.0	645000	337.49765	111.540665	456.40765	-24.954788	337.48975	111.54583	443.2179	-89.12319	-338.0597	169.60443	14323.334324836731
130	4084.4172	216.2714	4343.4287	3821.5234	4140.1504	203.86781	4469.456	3878.789	1000.0	1000.0	650000	338.62015	110.472336	439.78693	-41.193283	338.6141	110.473305	440.2342	-6.0059814	-339.09424	168.31837	14371.976817131042
131	3746.4556	1409.1492	4940.4004	996.04486	3741.5952	622.08575	4503.0317	2290.6968	1000.0	1000.0	655000	338.8832	110.49932	449.4803	-52.76734	338.87552	110.497925	443.658	-32.130966	-339.22324	166.33145	14423.37819314003
132	3957.9968	415.92477	4772.4424	3645.5017	1904.1387	1665.0919	4338.8237	-164.8851	1000.0	1000.0	660000	339.8394	110.19294	443.8329	-21.397034	339.83398	110.19613	440.25037	-52.48825	-340.1578	166.64365	14475.564820289612
133	3124.8354	1341.5018	4380.2104	589.1703	3712.218	529.33466	4324.35	2405.4526	1000.0	1000.0	665000	340.3821	109.98205	441.419	-26.86512	340.37573	109.98862	441.8857	-137.06316	-340.84604	169.39325	14524.078898191452
134	3838.2097	407.03635	4317.8853	3163.3472	3130.7788	1126.9568	3986.612	131.58997	1000.0	1000.0	670000	340.86905	109.50741	441.9617	-92.258125	340.8635	109.50902	443.00696	-43.90721	-341.1454	166.97682	14571.135755062103
135	3962.3176	342.00153	4430.309	3509.408	2274.9175	1412.1931	3337.5828	-197.60896	1000.0	1000.0	675000	341.2629	109.232	439.0934	-54.42592	341.25623	109.235695	450.85233	-148.06058	-341.7844	166.50325	14616.411231994629
136	4060.036	376.02124	4392.6343	3340.3083	3514.9915	1122.8215	4932.0625	1170.9952	1000.0	1000.0	680000	341.49326	108.762375	446.30573	-39.964912	341.48615	108.76631	443.86444	-8.156334	-341.78278	167.05804	14662.541569948196
137	3774.5503	489.90515	4469.6157	3138.7642	3416.2925	1785.4073	4558.9204	-258.27386	1000.0	1000.0	685000	342.31076	108.044655	442.5868	-14.090576	342.3071	108.04281	440.25665	0.44488525	-342.82184	164.4943	14708.229010105133
138	4206.376	142.53583	4360.494	3945.1458	3951.691	828.13153	4743.191	1582.875	1000.0	1000.0	690000	342.88614	107.86989	444.7157	-17.327606	342.87924	107.87284	444.16995	-90.134926	-343.33154	166.77065	14753.775989055634
139	3222.9832	1603.699	4316.6997	35.275486	3021.2493	1356.486	4206.624	826.5651	1000.0	1000.0	695000	343.58252	107.68876	446.05865	-13.711304	343.57712	107.69373	448.8219	-60.218445	-344.03534	163.02727	14800.796454191208
140	3246.293	1715.4222	4286.683	-170.92404	3266.935	1150.9948	4350.6353	390.99673	1000.0	1000.0	700000	343.86844	107.86226	445.32285	14.865936	343.8622	107.86065	442.49506	-16.752472	-344.19278	165.11914	14846.041708946228
141	3840.237	319.76184	4280.119	3518.27	3544.3718	553.6852	4031.8103	1977.4958	1000.0	1000.0	705000	344.39743	107.32338	444.26825	-17.632416	344.3916	107.32711	442.1454	-71.70527	-344.78134	165.45029	14894.573743104935
142	3583.3274	616.00525	4342.7065	2483.3218	3333.1274	1640.6644	4608.5396	-28.44131	1000.0	1000.0	710000	345.06906	106.75109	448.5298	-13.457695	345.06332	106.75414	445.38907	-39.179787	-345.48322	163.25224	14945.901563167572
143	4018.7573	184.18008	4196.7744	3686.44	4282.8125	533.71075	4774.438	2861.8967	1000.0	1000.0	715000	345.28336	106.80589	446.1443	-12.079826	345.27844	106.80378	450.16663	-33.011093	-345.88284	164.3344	14998.942688941956
144	4092.4272	422.42786	4630.101	3358.6145	3492.3066	1262.6736	4278.9414	-262.8067	1000.0	1000.0	720000	346.4452	106.09396	443.85104	-13.336212	346.43997	106.0962	443.93488	4.451065	-346.7151	160.85872	15049.3607442379
145	3929.0266	250.34209	4163.2075	3458.349	3698.0137	1620.6385	4766.7207	-83.96636	1000.0	1000.0	725000	347.23138	105.7629	475.20438	-38.235893	347.22287	105.76667	447.1919	-25.240105	-347.6861	160.2168	15099.110985994339
146	4518.8984	331.88315	4882.9805	4018.933	3040.8943	1498.5752	4428.425	-143.31976	1000.0	1000.0	730000	347.59756	105.85126	449.26617	-124.34741	347.591	105.85416	446.86356	-72.94315	-347.86954	162.71878	15146.923817873001
147	4358.8315	313.60934	4802.643	3920.8335	4077.666	1521.8574	4879.103	-437.6567	1000.0	1000.0	735000	347.6831	105.82381	453.7805	-27.52845	347.67606	105.82898	444.0866	-34.91004	-347.98627	163.6443	15194.039954185486
148	4462.8154	366.46475	4836.985	3828.7302	4287.206	321.9191	4756.526	3635.28	1000.0	1000.0	740000	349.031	105.1392	449.33627	9.922646	349.02393	105.14411	450.03018	-15.298767	-349.3228	159.74309	15240.495709180832
149	4237.532	321.28372	4511.675	3647.1562	3822.1887	956.7668	4541.5615	1082.0448	1000.0	1000.0	745000	349.62772	105.11993	449.36075	10.969589	349.62115	105.122154	448.22296	-37.20877	-349.7464	158.03447	15288.688580036163
150	4079.9263	382.9438	4596.6235	3582.6265	4475.2637	192.62863	4829.0527	4146.816	1000.0	1000.0	750000	350.23273	105.266655	450.03656	-12.412247	350.22485	105.274796	449.74548	-9.974579	-350.52725	157.6817	15334.819266080856
151	4137.0923	627.4216	4780.9155	2936.7358	2842.776	2002.8135	4832.6934	51.095486	1000.0	1000.0	755000	350.6981	104.84834	448.6372	-98.92636	350.6901	104.85694	447.88583	-2.208397	-350.9568	160.76437	15383.189903020859
152	4367.108	29.50465	4402.782	4318.826	3661.016	1501.5308	4686.0317	-49.39528	1000.0	1000.0	760000	351.3147	104.28725	448.77643	-52.7386	351.30634	104.29522	450.9078	-117.820274	-351.78354	160.37842	15431.993314027786
153	3893.1511	696.1319	4528.998	2559.632	4414.555	502.10132	4977.2075	3364.1624	1000.0	1000.0	765000	351.79303	103.87089	449.51117	-91.83301	351.78616	103.87302	448.25085	-46.992386	-352.3095	160.15967	15480.041417121887
154	4460.285	201.4496	4795.984	4170.162	4163.7915	900.84796	4837.119	1546.9615	1000.0	1000.0	770000	352.39413	103.2662	450.1427	-123.13621	352.38898	103.26829	450.23016	-50.69317	-352.6403	160.50165	15527.736363887787
155	4288.659	401.60425	4719.0967	3736.396	4744.953	273.5217	5196.997	4267.6475	1000.0	1000.0	775000	352.78323	103.32718	448.44885	-52.569504	352.77704	103.33158	449.51382	-11.479141	-353.3101	159.03963	15574.977481126785
156	2158.704	2187.1326	4846.144	-450.07565	4193.88	373.26743	4694.4463	3646.9792	1000.0	1000.0	780000	353.39258	103.69352	453.1048	-3.3749084	353.38428	103.69945	447.05118	3.4064178	-353.5403	158.42188	15621.994699001312
157	4227.138	302.6052	4710.844	3771.111	4103.784	245.16565	4617.0723	3713.0916	1000.0	1000.0	785000	354.10342	103.49331	455.90353	0.12813568	354.09576	103.50306	447.92242	-5.613144	-354.30197	160.74303	15668.364424228668
158	3976.5789	441.6527	4661.9116	3409.2249	3127.2043	1650.9602	4569.912	110.05657	1000.0	1000.0	790000	354.88303	103.447624	452.653	-25.870224	354.8758	103.45185	450.87302	0.4728241	-354.97388	157.73076	15715.551415920258
159	4278.07	282.87613	4597.933	3884.7983	4209.3916	1461.2802	4980.441	-137.8749	1000.0	1000.0	795000	355.7989	103.12889	452.85922	-10.999069	355.79123	103.13507	450.16223	-11.995262	-356.06195	157.09592	15762.985622882843
160	3765.5203	1069.101	4742.7935	1681.8763	3992.9949	1443.3032	4969.279	-209.44034	1000.0	1000.0	800000	356.51337	102.745926	455.5815	-9.587685	356.50446	102.754654	456.85086	-27.736404	-356.90906	160.2753	15810.509191036224
161	3626.9617	1663.3094	4789.7993	324.96365	3955.9922	980.4095	4873.962	1355.8158	1000.0	1000.0	805000	356.29938	103.04158	452.8962	-7.268303	356.2916	103.051865	453.17407	-95.19384	-357.02414	158.6362	15857.135437965393
162	4372.7637	277.29105	4773.639	3966.6143	4530.3955	237.03247	4933.496	4148.6865	1000.0	1000.0	810000	356.7317	102.76157	455.67453	-1.2867508	356.72458	102.77106	452.92908	-25.137894	-357.2706	160.43652	15904.505527973175
163	3953.7097	1014.35236	4756.4536	1962.899	3656.3254	809.8965	4294.2183	1298.773	1000.0	1000.0	815000	357.83533	101.926025	453.29108	-28.968208	357.82724	101.929756	458.22107	-18.613373	-358.40485	156.89388	15953.00340294838
164	3935.6704	267.09857	4252.0522	3607.397	3843.396	1165.375	4528.2905	415.91254	1000.0	1000.0	820000	358.1183	101.90081	452.8161	-17.04834	358.11002	101.90915	459.8739	-1.8072357	-358.69272	155.1704	16002.153038024902
165	3392.1243	1479.0021	4350.8784	456.40964	4241.9077	574.54425	4653.487	2677.0361	1000.0	1000.0	825000	358.7324	101.50384	455.05655	-17.319077	358.72623	101.510345	453.7441	-6.2100983	-359.03555	156.39166	16051.378409862518
166	4320.8447	174.8986	4648.3105	4147.682	4166.837	315.27585	4621.8145	3583.9995	1000.0	1000.0	830000	358.71158	101.30696	452.51257	11.800331	358.70425	101.315674	456.12494	-3.4811707	-359.1182	154.8827	16101.053066968918
167	3489.763	1543.9269	4396.8525	411.49414	3906.1362	840.4166	4811.841	1674.5199	1000.0	1000.0	835000	359.16266	100.684105	458.35855	4.4630203	359.15536	100.69055	456.654	-2.0576248	-359.3589	153.29187	16151.166507959366
168	4288.2437	111.964714	4428.6655	4110.672	3362.892	1189.7731	4506.3184	870.0264	1000.0	1000.0	840000	359.58472	100.56409	461.31702	1.7308197	359.57953	100.56596	451.81528	-9.238449	-360.10254	154.41599	16202.87451505661
169	3820.552	892.10803	4419.1694	2075.3335	4451.453	1182.7561	5345.361	994.773	1000.0	1000.0	845000	359.85913	100.53102	453.11343	-22.277458	359.8522	100.53876	452.9699	7.109482	-360.41745	154.73637	16250.41542005539
170	4522.111	112.22537	4653.6694	4332.557	4288.851	264.51654	4793.6104	3858.8179	1000.0	1000.0	850000	360.52774	100.552574	452.24915	-12.400665	360.52264	100.55453	460.85016	-15.214027	-361.08054	154.71608	16297.576660871506
171	4394.278	270.99524	4658.818	3889.5178	3528.8503	1457.4043	4685.4243	-213.92159	1000.0	1000.0	855000	361.39496	100.09006	459.035	13.402237	361.3869	100.09575	461.95496	-50.344208	-362.10046	154.35362	16345.226718187332
172	4401.638	273.83426	4816.358	3952.05	3652.621	1024.2155	4467.3203	952.1603	1000.0	1000.0	860000	361.98416	100.09469	458.62726	20.967346	361.97702	100.10254	460.60834	-107.55085	-362.31424	156.49243	16394.004396915436
173	4349.751	219.74895	4683.803	4083.9197	4040.7266	879.4178	5028.0015	2248.5134	1000.0	1000.0	865000	362.7958	99.69149	454.82553	8.051849	362.78946	99.696465	454.81415	17.837791	-363.1303	153.72084	16441.324498176575
174	3840.9773	541.02057	4503.077	2979.3599	3672.3079	743.1195	4558.3345	2209.6577	1000.0	1000.0	870000	363.59695	99.347115	457.5399	-41.32833	363.58823	99.35583	458.4716	7.18676	-363.77826	150.76276	16489.063857078552
175	4003.9363	511.4215	4703.966	3413.5588	4363.1694	258.06427	4701.194	3945.9028	1000.0	1000.0	875000	364.50726	98.90637	457.12222	-31.910583	364.50067	98.90883	455.9614	-66.47575	-365.01154	153.48846	16535.573761940002
176	4165.268	182.85028	4450.064	3965.9348	4052.5679	1007.9363	4978.6987	1713.2474	1000.0	1000.0	880000	365.0226	98.681496	460.5723	-33.442772	365.01657	98.68889	459.4184	-30.847603	-365.21185	154.9143	16582.990579128265
177	4078.694	369.17514	4774.996	3702.2036	4239.9814	246.35266	4727.652	3927.9902	1000.0	1000.0	885000	365.68646	98.268456	463.64935	12.037003	365.68094	98.27067	459.58853	23.040161	-366.2105	151.11928	16630.575421094894
178	4100.6772	538.5522	4800.0156	3258.378	2804.2498	1526.2251	4555.338	-241.11156	1000.0	1000.0	890000	365.94604	98.336426	455.49542	-0.3907318	365.9391	98.337776	455.22388	-15.310112	-366.29855	152.12424	16678.10615324974
179	3406.4753	1442.0302	4581.136	582.92224	3674.3647	1349.8889	4538.1	-241.42958	1000.0	1000.0	895000	366.38284	98.13472	460.08572	21.774681	366.3757	98.139244	461.5093	-17.364143	-366.8327	150.83044	16726.707186222076
180	3188.9832	1451.5786	4234.729	347.39017	4201.6333	427.69803	5020.3633	3427.1921	1000.0	1000.0	900000	367.09744	97.94437	459.33167	-19.922035	367.09192	97.9511	460.0546	9.978355	-367.37915	149.95128	16783.032591104507
181	3490.778	1130.907	4339.2983	1248.7333	3907.3953	1420.4603	4706.765	-269.54388	1000.0	1000.0	905000	366.73004	98.13332	460.60162	2.5434341	366.724	98.137985	456.79657	-3.3151093	-367.2049	150.76772	16845.89680314064
182	3938.2344	436.51413	4444.4824	3324.9697	3436.1887	1533.3909	4854.7397	165.7586	1000.0	1000.0	910000	366.90387	97.92137	460.599	-48.132233	366.89764	97.92531	457.09296	12.361465	-367.3994	149.87956	16907.701924085617
183	3157.3396	1393.9404	3967.1355	377.33148	4235.4136	197.82889	4550.0396	3832.3723	1000.0	1000.0	915000	367.7735	97.54446	460.70294	11.730431	367.7672	97.54849	464.95773	-26.092438	-368.20627	147.18307	16964.220674037933
184	4215.166	306.40494	4579.677	3712.017	3662.125	1064.3774	4454.358	1157.8278	1000.0	1000.0	920000	368.32602	97.093666	468.45743	10.235237	368.32028	97.09627	462.9416	12.399742	-368.84222	149.71124	17022.045040130615
185	3560.6548	1405.9808	4575.722	811.06384	2874.519	1504.384	4504.382	-56.976196	1000.0	1000.0	925000	368.6954	97.461845	461.57315	-33.037666	368.68884	97.464005	458.10568	30.239136	-369.0685	148.9037	17072.645295143127
186	3589.411	818.0256	4521.97	2071.7283	3823.8	823.7264	4720.05	1899.2496	1000.0	1000.0	930000	368.93506	97.240456	464.84796	-0.21107483	368.92795	97.24566	460.79776	-96.014404	-369.09277	149.98924	17118.884206056595
187	4164.128	303.17905	4508.486	3692.1511	3973.6511	1072.7975	4784.009	849.3275	1000.0	1000.0	935000	368.99197	97.09069	461.6524	17.613129	368.98468	97.098015	460.0974	-18.376976	-369.41214	150.07452	17164.918204069138
188	2612.1152	1541.1635	4473.2837	556.7816	3095.2732	1293.3593	4255.2637	-5.4819727	1000.0	1000.0	940000	368.93317	97.15332	462.32413	-31.737114	368.92685	97.1592	458.96127	29.882248	-369.22076	149.21768	17212.2030980587
189	4124.8286	388.55133	4672.4585	3716.1946	3804.136	1570.2238	4855.7954	-87.05217	1000.0	1000.0	945000	368.6723	96.838356	458.69482	26.079361	368.6663	96.84385	463.3594	22.775253	-369.17407	145.0131	17259.45327615738
190	4299.63	236.97173	4688.795	4032.4812	2564.0679	1524.8763	4719.6753	-71.194824	1000.0	1000.0	950000	369.0277	96.29853	457.84256	-36.622475	369.023	96.301384	459.59207	32.156906	-369.34915	143.7887	17305.97925400734
191	4401.5845	172.03813	4662.262	4167.9355	4096.2295	1009.7283	4776.0312	1144.6515	1000.0	1000.0	955000	369.46555	95.95105	461.90048	3.9265137	369.45895	95.95011	461.35638	22.649963	-369.9114	142.98206	17354.185451984406
192	3565.5242	1457.4077	4550.6465	664.66296	4240.2217	1063.7452	5009.1304	1097.657	1000.0	1000.0	960000	369.4599	96.05063	463.386	8.805191	369.45438	96.053955	458.50415	25.343483	-369.65564	143.96353	17403.592692136765
193	3546.8423	900.37854	4425.5103	2221.8872	3180.3704	1503.9384	4937.5195	1197.7605	1000.0	1000.0	965000	369.9361	95.93931	462.929	17.731987	369.93167	95.94201	462.19778	-29.66536	-370.18106	144.23936	17454.200032949448
194	3859.05	1178.1732	4721.145	1558.0817	2303.4658	1415.6039	4209.451	58.759445	1000.0	1000.0	970000	370.11237	95.97606	463.36893	17.25418	370.10617	95.98165	461.34393	-4.942032	-370.68625	146.45671	17504.744688034058
195	3778.72	1431.2391	4949.468	969.27155	3871.6958	1149.418	5057.342	1975.2113	1000.0	1000.0	975000	370.70273	95.60913	466.16742	20.328514	370.6959	95.61617	469.00204	28.693474	-371.19324	145.16455	17554.242414951324
196	4249.425	404.6291	4819.313	3600.3513	4620.3994	227.49641	4896.5625	4170.0806	1000.0	1000.0	980000	371.12585	95.234604	459.34296	40.351006	371.12225	95.23349	465.20605	-53.831192	-371.349	146.71638	17605.41798210144
197	4156.784	845.53436	4833.1123	2657.801	3956.6062	1212.687	5014.913	469.12527	1000.0	1000.0	985000	371.60812	94.76584	461.73703	-30.790833	371.6024	94.767944	463.8308	42.83834	-371.9994	143.5395	17656.895817279816
198	4114.3584	527.9983	4647.341	3190.9673	3209.8066	1234.9657	4218.309	640.9558	1000.0	1000.0	990000	371.82733	94.79028	478.36365	-1.2740173	371.82144	94.7921	463.68842	-31.059189	-372.25232	144.04077	17705.62555217743
199	4088.2688	221.85083	4363.879	3691.8938	4386.6406	915.486	5226.7603	1804.1345	1000.0	1000.0	995000	372.35886	94.50304	461.48398	-58.696136	372.3528	94.50534	468.75687	-22.196	-372.97348	141.70299	17754.40866804123
